0 0.5109375 0.17784926470588236 0.07604166666666666 0.12959558823529413
1 0.5169270833333334 0.2936580882352941 0.11197916666666667 0.11488970588235294
2 0.4791666666666667 0.24402573529411764 0.04895833333333333 0.0744485294117647
3 0.46119791666666665 0.3322610294117647 0.04739583333333333 0.05974264705882353
4 0.4622395833333333 0.42141544117647056 0.04739583333333333 0.046875
5 0.56015625 0.2348345588235294 0.0453125 0.078125
6 0.5697916666666667 0.33318014705882354 0.03958333333333333 0.078125
7 0.5723958333333333 0.4186580882352941 0.053125 0.06341911764705882
8 0.5231770833333333 0.4499080882352941 0.12135416666666667 0.06158088235294118
9 0.50234375 0.5721507352941176 0.04114583333333333 0.06341911764705882
10 0.49609375 0.7068014705882353 0.0390625 0.05698529411764706
11 0.5380208333333333 0.5505514705882353 0.051041666666666666 0.08088235294117647
12 0.5346354166666667 0.7127757352941176 0.0359375 0.035845588235294115
