0 0.5486979166666667 0.22886029411764705 0.059895833333333336 0.10294117647058823
1 0.5471354166666667 0.3368566176470588 0.09322916666666667 0.09099264705882353
2 0.5041666666666667 0.2633272058823529 0.07291666666666667 0.10202205882352941
3 0.51171875 0.34650735294117646 0.05364583333333333 0.07169117647058823
4 0.50625 0.4296875 0.042708333333333334 0.03400735294117647
5 0.58671875 0.2647058823529412 0.0484375 0.06985294117647059
6 0.58984375 0.34375 0.04010416666666667 0.08272058823529412
7 0.58828125 0.42325367647058826 0.04114583333333333 0.07628676470588236
8 0.5502604166666667 0.4489889705882353 0.0890625 0.06341911764705882
9 0.5263020833333333 0.5431985294117647 0.03697916666666667 0.0625
10 0.52734375 0.6714154411764706 0.030729166666666665 0.050551470588235295
12 0.5643229166666667 0.6875 0.04114583333333333 0.04411764705882353
