0 0.5190104166666667 0.22977941176470587 0.06302083333333333 0.10110294117647059
1 0.5333333333333333 0.3239889705882353 0.10729166666666666 0.08731617647058823
2 0.484375 0.26700367647058826 0.05520833333333333 0.0818014705882353
3 0.484375 0.34420955882352944 0.04479166666666667 0.06341911764705882
4 0.48489583333333336 0.4250919117647059 0.05 0.05974264705882353
5 0.56484375 0.2693014705882353 0.033854166666666664 0.07904411764705882
6 0.5703125 0.33731617647058826 0.042708333333333334 0.0661764705882353
7 0.56484375 0.4255514705882353 0.0421875 0.05514705882352941
8 0.53125 0.45818014705882354 0.11666666666666667 0.09466911764705882
10 0.48776041666666664 0.6636029411764706 0.0484375 0.05330882352941176
11 0.5455729166666666 0.5473345588235294 0.04010416666666667 0.057904411764705885
12 0.54609375 0.6659007352941176 0.04114583333333333 0.057904411764705885
