0 0.5091145833333334 0.17003676470588236 0.0890625 0.16544117647058823
1 0.5216145833333333 0.29503676470588236 0.10989583333333333 0.11213235294117647
2 0.48333333333333334 0.23345588235294118 0.053125 0.06985294117647059
3 0.47630208333333335 0.32996323529411764 0.043229166666666666 0.058823529411764705
5 0.5671875 0.24494485294117646 0.040625 0.07628676470588236
6 0.5752604166666667 0.3180147058823529 0.049479166666666664 0.08823529411764706
7 0.5692708333333333 0.4227941176470588 0.057291666666666664 0.051470588235294115
8 0.5208333333333334 0.4476102941176471 0.13020833333333334 0.0661764705882353
9 0.4940104166666667 0.5739889705882353 0.03697916666666667 0.05974264705882353
10 0.48932291666666666 0.6980698529411765 0.043229166666666666 0.06525735294117647
11 0.5458333333333333 0.5643382352941176 0.04583333333333333 0.0661764705882353
12 0.53671875 0.7109375 0.0421875 0.04871323529411765
