0 0.5205729166666667 0.23851102941176472 0.06197916666666667 0.09834558823529412
1 0.52890625 0.32950367647058826 0.10989583333333333 0.09834558823529412
2 0.49375 0.27941176470588236 0.06041666666666667 0.05698529411764706
3 0.49166666666666664 0.3474264705882353 0.041666666666666664 0.05698529411764706
4 0.4903645833333333 0.4273897058823529 0.03697916666666667 0.04779411764705882
5 0.5682291666666667 0.27849264705882354 0.04479166666666667 0.06433823529411764
6 0.5791666666666667 0.3478860294117647 0.04479166666666667 0.078125
7 0.5752604166666667 0.4329044117647059 0.04739583333333333 0.04411764705882353
8 0.52578125 0.4664522058823529 0.1140625 0.08363970588235294
9 0.49140625 0.5450367647058824 0.04114583333333333 0.05698529411764706
10 0.49765625 0.6649816176470589 0.03177083333333333 0.050551470588235295
11 0.546875 0.5556066176470589 0.052083333333333336 0.06158088235294118
12 0.5513020833333333 0.6681985294117647 0.043229166666666666 0.05330882352941176
