0 0.5143229166666666 0.17738970588235295 0.07864583333333333 0.13786764705882354
1 0.5104166666666666 0.30330882352941174 0.096875 0.1213235294117647
2 0.48541666666666666 0.2522977941176471 0.04895833333333333 0.057904411764705885
3 0.4713541666666667 0.3478860294117647 0.051041666666666666 0.06158088235294118
5 0.5692708333333333 0.23943014705882354 0.046875 0.06893382352941177
6 0.5692708333333333 0.32536764705882354 0.046875 0.06433823529411764
8 0.5260416666666666 0.4365808823529412 0.09895833333333333 0.06985294117647059
4 0.46927083333333336 0.4411764705882353 0.053125 0.04411764705882353
9 0.49765625 0.5804227941176471 0.04010416666666667 0.06341911764705882
10 0.4981770833333333 0.6934742647058824 0.04114583333333333 0.06158088235294118
11 0.5442708333333334 0.5739889705882353 0.040625 0.050551470588235295
12 0.54609375 0.6999080882352942 0.03697916666666667 0.04503676470588235
