0 0.521875 0.17371323529411764 0.07395833333333333 0.14705882352941177
1 0.5236979166666667 0.3010110294117647 0.1078125 0.109375
2 0.48489583333333336 0.24586397058823528 0.078125 0.0818014705882353
3 0.48411458333333335 0.3350183823529412 0.05677083333333333 0.078125
4 0.47109375 0.4306066176470588 0.0390625 0.04136029411764706
5 0.5703125 0.24770220588235295 0.059375 0.06158088235294118
6 0.5778645833333333 0.32536764705882354 0.059895833333333336 0.10110294117647059
7 0.5791666666666667 0.4306066176470588 0.051041666666666666 0.04871323529411765
8 0.53515625 0.4522058823529412 0.1390625 0.06985294117647059
9 0.5052083333333334 0.5716911764705882 0.035416666666666666 0.04779411764705882
10 0.49765625 0.703125 0.0359375 0.058823529411764705
11 0.5518229166666667 0.5707720588235294 0.04010416666666667 0.0661764705882353
12 0.5421875 0.7159926470588235 0.04895833333333333 0.04595588235294118
