0 0.52734375 0.22886029411764705 0.0671875 0.11764705882352941
1 0.5325520833333334 0.33409926470588236 0.1140625 0.10202205882352941
2 0.4942708333333333 0.26424632352941174 0.051041666666666666 0.07261029411764706
3 0.48984375 0.3460477941176471 0.044270833333333336 0.06158088235294118
4 0.490625 0.42325367647058826 0.05 0.046875
5 0.57265625 0.2619485294117647 0.044270833333333336 0.08088235294117647
6 0.578125 0.35294117647058826 0.046875 0.08455882352941177
7 0.5786458333333333 0.4306066176470588 0.05 0.03952205882352941
8 0.5424479166666667 0.4609375 0.13697916666666668 0.08915441176470588
10 0.51484375 0.6709558823529411 0.0296875 0.05514705882352941
11 0.5557291666666667 0.5491727941176471 0.04583333333333333 0.057904411764705885
12 0.5518229166666667 0.6704963235294118 0.0421875 0.03952205882352941
