0 0.5424479166666667 0.24126838235294118 0.06510416666666667 0.1130514705882353
1 0.5361979166666667 0.33639705882352944 0.10260416666666666 0.09375
2 0.50078125 0.26838235294117646 0.05364583333333333 0.06433823529411764
3 0.5033854166666667 0.3396139705882353 0.0390625 0.06158088235294118
4 0.49583333333333335 0.4273897058823529 0.04583333333333333 0.051470588235294115
5 0.5825520833333333 0.26378676470588236 0.04010416666666667 0.07169117647058823
6 0.58828125 0.35110294117647056 0.04739583333333333 0.08455882352941177
7 0.5791666666666667 0.43474264705882354 0.042708333333333334 0.03676470588235294
8 0.534375 0.45818014705882354 0.09479166666666666 0.057904411764705885
9 0.5205729166666667 0.5431985294117647 0.0359375 0.06066176470588235
11 0.5567708333333333 0.5583639705882353 0.04375 0.06158088235294118
12 0.56328125 0.6727941176470589 0.05260416666666667 0.0661764705882353
