0 0.5127604166666667 0.22380514705882354 0.059895833333333336 0.10202205882352941
1 0.52265625 0.3405330882352941 0.10989583333333333 0.07996323529411764
2 0.4828125 0.2743566176470588 0.04375 0.05974264705882353
3 0.48125 0.34237132352941174 0.040625 0.050551470588235295
4 0.4791666666666667 0.4273897058823529 0.046875 0.04595588235294118
5 0.5572916666666666 0.26286764705882354 0.03333333333333333 0.0661764705882353
6 0.56015625 0.3235294117647059 0.0390625 0.08455882352941177
7 0.5682291666666667 0.41130514705882354 0.04479166666666667 0.06158088235294118
8 0.5307291666666667 0.45909926470588236 0.115625 0.07996323529411764
9 0.5046875 0.5441176470588235 0.04375 0.06801470588235294
10 0.49765625 0.6773897058823529 0.04010416666666667 0.042279411764705885
11 0.5466145833333333 0.5487132352941176 0.033854166666666664 0.05514705882352941
12 0.5450520833333333 0.6737132352941176 0.034895833333333334 0.042279411764705885
