0 0.5231770833333333 0.23345588235294118 0.0671875 0.11213235294117647
1 0.5283854166666667 0.30514705882352944 0.11302083333333333 0.14154411764705882
2 0.48880208333333336 0.27068014705882354 0.044270833333333336 0.06341911764705882
3 0.48723958333333334 0.34972426470588236 0.05260416666666667 0.057904411764705885
4 0.484375 0.4411764705882353 0.046875 0.06066176470588235
5 0.5627604166666667 0.26286764705882354 0.04635416666666667 0.07904411764705882
6 0.57421875 0.33869485294117646 0.04114583333333333 0.07628676470588236
7 0.5822916666666667 0.4264705882352941 0.04479166666666667 0.04044117647058824
8 0.52734375 0.4664522058823529 0.1046875 0.078125
9 0.51015625 0.5473345588235294 0.0328125 0.05422794117647059
10 0.51015625 0.6723345588235294 0.0328125 0.04871323529411765
11 0.5427083333333333 0.5477941176470589 0.052083333333333336 0.05330882352941176
12 0.5497395833333333 0.6778492647058824 0.04635416666666667 0.043198529411764705
