0 0.51171875 0.17555147058823528 0.07239583333333334 0.14154411764705882
1 0.5106770833333333 0.30284926470588236 0.1078125 0.1130514705882353
2 0.48072916666666665 0.2545955882352941 0.04791666666666667 0.06985294117647059
3 0.46536458333333336 0.34099264705882354 0.04114583333333333 0.05330882352941176
4 0.4635416666666667 0.4209558823529412 0.05 0.051470588235294115
5 0.5502604166666667 0.24908088235294118 0.0453125 0.06433823529411764
6 0.5627604166666667 0.32858455882352944 0.04010416666666667 0.07077205882352941
7 0.5638020833333334 0.4250919117647059 0.0578125 0.06709558823529412
8 0.5192708333333333 0.4485294117647059 0.12083333333333333 0.08455882352941177
9 0.49114583333333334 0.5749080882352942 0.042708333333333334 0.07077205882352941
10 0.49661458333333336 0.7012867647058824 0.04010416666666667 0.058823529411764705
11 0.5354166666666667 0.5473345588235294 0.046875 0.06525735294117647
12 0.5333333333333333 0.6796875 0.03333333333333333 0.050551470588235295
