0 0.5200520833333333 0.16727941176470587 0.06302083333333333 0.11213235294117647
1 0.5276041666666667 0.30330882352941174 0.09583333333333334 0.11764705882352941
3 0.4828125 0.34420955882352944 0.041666666666666664 0.06341911764705882
4 0.46979166666666666 0.42325367647058826 0.04583333333333333 0.05974264705882353
5 0.5674479166666667 0.24356617647058823 0.0609375 0.06985294117647059
6 0.58125 0.3405330882352941 0.04895833333333333 0.05974264705882353
7 0.58125 0.4329044117647059 0.059375 0.05330882352941176
8 0.5338541666666666 0.44669117647058826 0.11770833333333333 0.06433823529411764
9 0.50078125 0.5606617647058824 0.0421875 0.06801470588235294
10 0.49921875 0.6994485294117647 0.0390625 0.05514705882352941
11 0.5416666666666666 0.5698529411764706 0.04583333333333333 0.08455882352941177
12 0.5455729166666666 0.7118566176470589 0.0359375 0.043198529411764705
