0 0.51328125 0.2339154411764706 0.06927083333333334 0.1056985294117647
1 0.5213541666666667 0.3506433823529412 0.10520833333333333 0.09283088235294118
2 0.4765625 0.27297794117647056 0.05 0.05330882352941176
3 0.4703125 0.35431985294117646 0.042708333333333334 0.04871323529411765
4 0.47734375 0.4397977941176471 0.0453125 0.046875
5 0.553125 0.2693014705882353 0.04895833333333333 0.0661764705882353
6 0.5658854166666667 0.3318014705882353 0.03177083333333333 0.0900735294117647
7 0.5661458333333333 0.4296875 0.04479166666666667 0.043198529411764705
8 0.5278645833333333 0.4696691176470588 0.1078125 0.06433823529411764
9 0.49375 0.5413602941176471 0.036458333333333336 0.05698529411764706
10 0.5013020833333334 0.6801470588235294 0.034895833333333334 0.058823529411764705
11 0.5401041666666667 0.5523897058823529 0.04895833333333333 0.051470588235294115
12 0.5447916666666667 0.6649816176470589 0.04375 0.05974264705882353
