0 0.5138020833333333 0.20818014705882354 0.07760416666666667 0.13143382352941177
1 0.5203125 0.3147977941176471 0.125 0.11488970588235294
2 0.48125 0.2495404411764706 0.059375 0.08915441176470588
3 0.4609375 0.3515625 0.04791666666666667 0.06158088235294118
4 0.45677083333333335 0.43612132352941174 0.05 0.050551470588235295
5 0.5591145833333333 0.23943014705882354 0.03697916666666667 0.08731617647058823
6 0.56875 0.32306985294117646 0.041666666666666664 0.08915441176470588
7 0.57421875 0.4338235294117647 0.0734375 0.05514705882352941
8 0.5223958333333333 0.45174632352941174 0.125 0.06525735294117647
10 0.49270833333333336 0.7054227941176471 0.030208333333333334 0.050551470588235295
11 0.52578125 0.5390625 0.04010416666666667 0.06158088235294118
12 0.5291666666666667 0.7100183823529411 0.04895833333333333 0.050551470588235295
