0 0.5424479166666667 0.234375 0.06510416666666667 0.10661764705882353
1 0.54609375 0.3391544117647059 0.10885416666666667 0.09926470588235294
2 0.5106770833333333 0.28308823529411764 0.059895833333333336 0.06433823529411764
3 0.49765625 0.34972426470588236 0.044270833333333336 0.04503676470588235
4 0.4979166666666667 0.43887867647058826 0.05 0.05238970588235294
5 0.5791666666666667 0.27849264705882354 0.046875 0.06433823529411764
6 0.5872395833333334 0.33869485294117646 0.030729166666666665 0.07628676470588236
7 0.59140625 0.4397977941176471 0.034895833333333334 0.03768382352941176
8 0.5583333333333333 0.45450367647058826 0.12916666666666668 0.07628676470588236
9 0.52578125 0.5450367647058824 0.04010416666666667 0.04963235294117647
10 0.5291666666666667 0.6778492647058824 0.03333333333333333 0.05974264705882353
11 0.5671875 0.5261948529411765 0.042708333333333334 0.057904411764705885
