0 0.5307291666666667 0.2265625 0.06354166666666666 0.11672794117647059
1 0.5278645833333333 0.29641544117647056 0.09427083333333333 0.11672794117647059
2 0.4953125 0.26516544117647056 0.04895833333333333 0.06158088235294118
3 0.48671875 0.3405330882352941 0.0484375 0.05974264705882353
4 0.48984375 0.4227941176470588 0.03802083333333333 0.051470588235294115
5 0.5666666666666667 0.2633272058823529 0.03229166666666667 0.06158088235294118
6 0.5708333333333333 0.3170955882352941 0.041666666666666664 0.09375
7 0.58125 0.40487132352941174 0.042708333333333334 0.04503676470588235
8 0.5291666666666667 0.46369485294117646 0.10729166666666666 0.08547794117647059
9 0.5138020833333333 0.5431985294117647 0.044270833333333336 0.06066176470588235
10 0.51015625 0.6714154411764706 0.04114583333333333 0.050551470588235295
12 0.5450520833333333 0.6640625 0.034895833333333334 0.05422794117647059
