0 0.5213541666666667 0.22977941176470587 0.075 0.11029411764705882
1 0.52265625 0.3249080882352941 0.0921875 0.10202205882352941
2 0.4817708333333333 0.27205882352941174 0.052083333333333336 0.07169117647058823
3 0.48489583333333336 0.3396139705882353 0.04791666666666667 0.04871323529411765
4 0.48723958333333334 0.43244485294117646 0.043229166666666666 0.04871323529411765
5 0.5567708333333333 0.2849264705882353 0.04791666666666667 0.07720588235294118
6 0.56640625 0.3350183823529412 0.04114583333333333 0.0818014705882353
7 0.5734375 0.4186580882352941 0.051041666666666666 0.06341911764705882
8 0.5330729166666667 0.46875 0.1109375 0.08639705882352941
9 0.5122395833333333 0.5441176470588235 0.043229166666666666 0.04595588235294118
10 0.51015625 0.6704963235294118 0.0328125 0.04503676470588235
11 0.546875 0.5579044117647058 0.04791666666666667 0.06066176470588235
12 0.54296875 0.6755514705882353 0.03802083333333333 0.042279411764705885
