0 0.5299479166666666 0.23207720588235295 0.06197916666666667 0.09834558823529412
1 0.5356770833333333 0.3336397058823529 0.08177083333333333 0.08455882352941177
2 0.4953125 0.2693014705882353 0.05520833333333333 0.0625
3 0.49453125 0.34237132352941174 0.03802083333333333 0.06709558823529412
4 0.48671875 0.42693014705882354 0.04635416666666667 0.046875
5 0.5671875 0.26608455882352944 0.04479166666666667 0.06893382352941177
6 0.58671875 0.3290441176470588 0.0484375 0.0661764705882353
7 0.5807291666666666 0.43014705882352944 0.05 0.05330882352941176
8 0.5356770833333333 0.4522058823529412 0.10364583333333334 0.06985294117647059
9 0.5028645833333333 0.5441176470588235 0.04010416666666667 0.051470588235294115
10 0.5033854166666667 0.6737132352941176 0.043229166666666666 0.058823529411764705
11 0.55625 0.5546875 0.051041666666666666 0.06341911764705882
12 0.5557291666666667 0.6672794117647058 0.04583333333333333 0.04595588235294118
