0 0.52421875 0.23115808823529413 0.06510416666666667 0.10753676470588236
1 0.5182291666666666 0.33409926470588236 0.10520833333333333 0.08915441176470588
2 0.48463541666666665 0.26378676470588236 0.0578125 0.08088235294117647
3 0.4817708333333333 0.3446691176470588 0.04375 0.051470588235294115
4 0.48385416666666664 0.42830882352941174 0.04583333333333333 0.03676470588235294
5 0.5619791666666667 0.27159926470588236 0.05 0.078125
6 0.5703125 0.33731617647058826 0.042708333333333334 0.07904411764705882
7 0.5653645833333333 0.4227941176470588 0.06302083333333333 0.05514705882352941
8 0.5265625 0.45588235294117646 0.10208333333333333 0.0625
10 0.51015625 0.6787683823529411 0.034895833333333334 0.04503676470588235
11 0.54921875 0.5565257352941176 0.04739583333333333 0.05974264705882353
12 0.55234375 0.6672794117647058 0.043229166666666666 0.042279411764705885
