0 0.5294270833333333 0.2270220588235294 0.06510416666666667 0.10845588235294118
1 0.5302083333333333 0.3180147058823529 0.09895833333333333 0.1213235294117647
2 0.49921875 0.26608455882352944 0.0546875 0.05606617647058824
3 0.49947916666666664 0.3446691176470588 0.051041666666666666 0.05514705882352941
4 0.4890625 0.43887867647058826 0.051041666666666666 0.04503676470588235
5 0.5731770833333333 0.26838235294117646 0.0453125 0.06801470588235294
6 0.5807291666666666 0.3414522058823529 0.041666666666666664 0.0744485294117647
7 0.5791666666666667 0.43795955882352944 0.051041666666666666 0.050551470588235295
8 0.5408854166666667 0.47150735294117646 0.1078125 0.09375
9 0.5171875 0.5303308823529411 0.053125 0.0625
10 0.5174479166666667 0.6659007352941176 0.03697916666666667 0.04871323529411765
11 0.5611979166666666 0.5514705882352942 0.04114583333333333 0.05330882352941176
12 0.5536458333333333 0.6741727941176471 0.052083333333333336 0.04871323529411765
