0 0.5385416666666667 0.21277573529411764 0.07395833333333333 0.12775735294117646
1 0.5416666666666666 0.3313419117647059 0.09166666666666666 0.08915441176470588
2 0.5171875 0.2734375 0.05520833333333333 0.0744485294117647
3 0.496875 0.3396139705882353 0.04791666666666667 0.06158088235294118
4 0.503125 0.4250919117647059 0.04479166666666667 0.046875
5 0.58984375 0.25919117647058826 0.033854166666666664 0.06801470588235294
6 0.5861979166666667 0.33318014705882354 0.0328125 0.06525735294117647
7 0.5796875 0.4177389705882353 0.05416666666666667 0.04136029411764706
8 0.5528645833333333 0.45036764705882354 0.11197916666666667 0.06801470588235294
9 0.5252604166666667 0.5441176470588235 0.04739583333333333 0.06801470588235294
10 0.5299479166666666 0.6769301470588235 0.0359375 0.04503676470588235
11 0.5721354166666667 0.5431985294117647 0.04114583333333333 0.0625
12 0.5598958333333334 0.6677389705882353 0.030208333333333334 0.046875
