0 0.5341145833333333 0.22518382352941177 0.06510416666666667 0.12316176470588236
1 0.53515625 0.33639705882352944 0.1171875 0.10661764705882353
2 0.4986979166666667 0.26516544117647056 0.0640625 0.0744485294117647
3 0.49375 0.3359375 0.03958333333333333 0.05606617647058824
4 0.49192708333333335 0.42325367647058826 0.04010416666666667 0.03768382352941176
5 0.5697916666666667 0.26378676470588236 0.04375 0.06801470588235294
6 0.57578125 0.3428308823529412 0.0484375 0.06801470588235294
7 0.5716145833333334 0.421875 0.059895833333333336 0.03676470588235294
8 0.5333333333333333 0.45818014705882354 0.10729166666666666 0.04871323529411765
10 0.5138020833333333 0.6640625 0.03177083333333333 0.04871323529411765
11 0.5578125 0.5510110294117647 0.04791666666666667 0.06158088235294118
12 0.5552083333333333 0.6691176470588235 0.035416666666666666 0.03860294117647059
