0 0.5252604166666667 0.1875 0.0734375 0.1488970588235294
1 0.5265625 0.3088235294117647 0.10208333333333333 0.12316176470588236
2 0.4947916666666667 0.24586397058823528 0.04791666666666667 0.0744485294117647
3 0.48723958333333334 0.34375 0.04739583333333333 0.07904411764705882
4 0.48463541666666665 0.4352022058823529 0.0359375 0.04871323529411765
5 0.5828125 0.24586397058823528 0.04583333333333333 0.0818014705882353
6 0.5828125 0.32628676470588236 0.052083333333333336 0.09191176470588236
7 0.5848958333333333 0.43106617647058826 0.04791666666666667 0.05514705882352941
8 0.5388020833333333 0.46737132352941174 0.1296875 0.08547794117647059
9 0.5161458333333333 0.5523897058823529 0.04479166666666667 0.058823529411764705
10 0.51484375 0.6999080882352942 0.044270833333333336 0.06158088235294118
11 0.5528645833333333 0.5840992647058824 0.0421875 0.07628676470588236
12 0.5505208333333333 0.7192095588235294 0.05 0.04871323529411765
