0 0.5486979166666667 0.23115808823529413 0.06614583333333333 0.11672794117647059
1 0.5484375 0.3414522058823529 0.10104166666666667 0.09650735294117647
2 0.51328125 0.27481617647058826 0.04739583333333333 0.042279411764705885
3 0.5083333333333333 0.35110294117647056 0.042708333333333334 0.05514705882352941
4 0.5067708333333333 0.4287683823529412 0.03958333333333333 0.035845588235294115
5 0.5888020833333333 0.2619485294117647 0.03802083333333333 0.07169117647058823
6 0.5841145833333333 0.35294117647058826 0.05677083333333333 0.08088235294117647
7 0.5973958333333333 0.4476102941176471 0.04895833333333333 0.05698529411764706
8 0.5471354166666667 0.44393382352941174 0.13489583333333333 0.06801470588235294
9 0.5231770833333333 0.5372242647058824 0.034895833333333334 0.04871323529411765
10 0.5216145833333333 0.6704963235294118 0.03802083333333333 0.057904411764705885
11 0.5671875 0.5445772058823529 0.046875 0.06341911764705882
12 0.5625 0.6750919117647058 0.05 0.04871323529411765
