0 0.54375 0.21645220588235295 0.065625 0.1332720588235294
1 0.54140625 0.34329044117647056 0.1109375 0.10386029411764706
2 0.5171875 0.26838235294117646 0.04479166666666667 0.058823529411764705
3 0.50234375 0.32996323529411764 0.0453125 0.058823529411764705
4 0.5041666666666667 0.4103860294117647 0.04479166666666667 0.050551470588235295
5 0.5830729166666667 0.2587316176470588 0.034895833333333334 0.06525735294117647
6 0.5916666666666667 0.34237132352941174 0.05 0.07628676470588236
7 0.5796875 0.4209558823529412 0.034375 0.051470588235294115
8 0.5463541666666667 0.4508272058823529 0.12083333333333333 0.07628676470588236
10 0.5046875 0.6659007352941176 0.04375 0.06158088235294118
11 0.5598958333333334 0.5450367647058824 0.052083333333333336 0.06985294117647059
12 0.5645833333333333 0.6723345588235294 0.04583333333333333 0.05238970588235294
