0 0.5234375 0.18520220588235295 0.07708333333333334 0.13143382352941177
1 0.5356770833333333 0.30422794117647056 0.10989583333333333 0.12316176470588236
2 0.4903645833333333 0.24724264705882354 0.06302083333333333 0.08088235294117647
3 0.4890625 0.33731617647058826 0.051041666666666666 0.06985294117647059
4 0.4817708333333333 0.43795955882352944 0.041666666666666664 0.04136029411764706
5 0.5736979166666667 0.2426470588235294 0.03802083333333333 0.058823529411764705
6 0.5872395833333334 0.3391544117647059 0.050520833333333334 0.07904411764705882
7 0.5677083333333334 0.43152573529411764 0.052083333333333336 0.05974264705882353
8 0.5372395833333333 0.4453125 0.14114583333333333 0.0744485294117647
9 0.49322916666666666 0.5409007352941176 0.03854166666666667 0.07077205882352941
10 0.47265625 0.6649816176470589 0.0359375 0.05606617647058824
11 0.5513020833333333 0.5666360294117647 0.0390625 0.06525735294117647
12 0.5419270833333333 0.7127757352941176 0.04010416666666667 0.04871323529411765
