0 0.5138020833333333 0.1875 0.0703125 0.13970588235294118
1 0.509375 0.30422794117647056 0.103125 0.11397058823529412
2 0.4796875 0.2555147058823529 0.058333333333333334 0.06801470588235294
3 0.45625 0.34558823529411764 0.04479166666666667 0.05698529411764706
4 0.44375 0.4131433823529412 0.04791666666666667 0.06158088235294118
5 0.5557291666666667 0.25 0.034375 0.06066176470588235
6 0.56875 0.3244485294117647 0.041666666666666664 0.07352941176470588
7 0.5708333333333333 0.43704044117647056 0.058333333333333334 0.04503676470588235
8 0.5171875 0.43887867647058826 0.12083333333333333 0.06525735294117647
9 0.49322916666666666 0.5675551470588235 0.03854166666666667 0.05422794117647059
10 0.5033854166666667 0.7081801470588235 0.03697916666666667 0.04871323529411765
11 0.5317708333333333 0.5248161764705882 0.04791666666666667 0.051470588235294115
12 0.5322916666666667 0.6714154411764706 0.046875 0.05974264705882353
