0 0.5231770833333333 0.23115808823529413 0.06510416666666667 0.1130514705882353
1 0.5283854166666667 0.31295955882352944 0.08489583333333334 0.09834558823529412
2 0.4908854166666667 0.2734375 0.06614583333333333 0.05238970588235294
3 0.4901041666666667 0.33088235294117646 0.053125 0.05698529411764706
4 0.48385416666666664 0.4250919117647059 0.05416666666666667 0.05974264705882353
5 0.56484375 0.2693014705882353 0.033854166666666664 0.0661764705882353
6 0.57265625 0.33639705882352944 0.04010416666666667 0.07169117647058823
7 0.5697916666666667 0.41681985294117646 0.03958333333333333 0.046875
8 0.5328125 0.4485294117647059 0.10625 0.07536764705882353
9 0.5078125 0.5418198529411765 0.034375 0.046875
10 0.51171875 0.6714154411764706 0.033854166666666664 0.046875
11 0.5458333333333333 0.5523897058823529 0.030208333333333334 0.051470588235294115
12 0.5458333333333333 0.6714154411764706 0.041666666666666664 0.043198529411764705
