0 0.5283854166666667 0.21185661764705882 0.0671875 0.1332720588235294
1 0.5372395833333333 0.33639705882352944 0.10677083333333333 0.0974264705882353
2 0.4942708333333333 0.2541360294117647 0.057291666666666664 0.0744485294117647
3 0.48723958333333334 0.3322610294117647 0.04739583333333333 0.05974264705882353
4 0.49270833333333336 0.4260110294117647 0.041666666666666664 0.04503676470588235
5 0.5708333333333333 0.2555147058823529 0.03229166666666667 0.06801470588235294
6 0.57421875 0.3368566176470588 0.04114583333333333 0.078125
7 0.57578125 0.42784926470588236 0.03802083333333333 0.046875
8 0.5341145833333333 0.4577205882352941 0.10677083333333333 0.05330882352941176
9 0.5127604166666667 0.5473345588235294 0.0359375 0.057904411764705885
10 0.5182291666666666 0.6764705882352942 0.03333333333333333 0.05330882352941176
11 0.55859375 0.5551470588235294 0.0578125 0.06801470588235294
12 0.5611979166666666 0.6640625 0.043229166666666666 0.05238970588235294
