0 0.5122395833333333 0.1714154411764706 0.07135416666666666 0.13878676470588236
1 0.5151041666666667 0.29181985294117646 0.09479166666666666 0.1056985294117647
2 0.4791666666666667 0.2426470588235294 0.05520833333333333 0.06433823529411764
3 0.46484375 0.3428308823529412 0.0421875 0.05514705882352941
4 0.4622395833333333 0.42233455882352944 0.050520833333333334 0.04503676470588235
5 0.5596354166666667 0.2421875 0.05572916666666667 0.07628676470588236
6 0.5635416666666667 0.3391544117647059 0.052083333333333336 0.07352941176470588
7 0.5658854166666667 0.4306066176470588 0.03802083333333333 0.03952205882352941
8 0.5197916666666667 0.44393382352941174 0.115625 0.05514705882352941
9 0.49609375 0.5615808823529411 0.0390625 0.06801470588235294
10 0.4981770833333333 0.7054227941176471 0.0328125 0.05974264705882353
11 0.53828125 0.5680147058823529 0.04739583333333333 0.06801470588235294
12 0.5466145833333333 0.7150735294117647 0.0359375 0.04411764705882353
