0 0.52265625 0.23621323529411764 0.0640625 0.10661764705882353
1 0.5260416666666666 0.34191176470588236 0.10104166666666667 0.11029411764705882
2 0.48072916666666665 0.2647058823529412 0.065625 0.08272058823529412
3 0.4752604166666667 0.3469669117647059 0.04739583333333333 0.05974264705882353
4 0.48020833333333335 0.4319852941176471 0.053125 0.05514705882352941
5 0.5658854166666667 0.2587316176470588 0.04010416666666667 0.07077205882352941
6 0.5703125 0.32628676470588236 0.029166666666666667 0.08639705882352941
7 0.5768229166666666 0.4241727941176471 0.05364583333333333 0.03216911764705882
8 0.5268229166666667 0.46139705882352944 0.10989583333333333 0.07169117647058823
9 0.5033854166666667 0.5537683823529411 0.03697916666666667 0.06158088235294118
10 0.50546875 0.6755514705882353 0.03697916666666667 0.05514705882352941
11 0.5466145833333333 0.5473345588235294 0.0359375 0.057904411764705885
12 0.5388020833333333 0.6640625 0.0359375 0.04503676470588235
