0 0.5333333333333333 0.21966911764705882 0.06666666666666667 0.13602941176470587
1 0.5393229166666667 0.3382352941176471 0.0828125 0.07720588235294118
2 0.4942708333333333 0.26378676470588236 0.06458333333333334 0.07169117647058823
3 0.4921875 0.35110294117647056 0.04479166666666667 0.06433823529411764
4 0.48723958333333334 0.4241727941176471 0.0453125 0.04871323529411765
5 0.5731770833333333 0.2688419117647059 0.034895833333333334 0.06158088235294118
6 0.5817708333333333 0.33547794117647056 0.036458333333333336 0.06985294117647059
7 0.57734375 0.4264705882352941 0.04114583333333333 0.04411764705882353
8 0.54765625 0.45588235294117646 0.11822916666666666 0.06066176470588235
9 0.51171875 0.5574448529411765 0.03802083333333333 0.0744485294117647
10 0.5182291666666666 0.6723345588235294 0.035416666666666666 0.04871323529411765
11 0.5611979166666666 0.5390625 0.03697916666666667 0.07077205882352941
12 0.5609375 0.6691176470588235 0.05 0.051470588235294115
