0 0.5348958333333333 0.18887867647058823 0.07395833333333333 0.14246323529411764
1 0.5338541666666666 0.32215073529411764 0.121875 0.10753676470588236
2 0.49765625 0.2541360294117647 0.0578125 0.06525735294117647
3 0.4864583333333333 0.3400735294117647 0.051041666666666666 0.051470588235294115
4 0.4752604166666667 0.42830882352941174 0.0546875 0.05330882352941176
5 0.5783854166666667 0.2417279411764706 0.0390625 0.07352941176470588
6 0.5854166666666667 0.3382352941176471 0.046875 0.09375
7 0.5809895833333333 0.43014705882352944 0.06197916666666667 0.05330882352941176
8 0.5268229166666667 0.45496323529411764 0.11197916666666667 0.07169117647058823
9 0.5127604166666667 0.5528492647058824 0.0359375 0.050551470588235295
10 0.5067708333333333 0.6838235294117647 0.03958333333333333 0.06801470588235294
11 0.5567708333333333 0.5684742647058824 0.036458333333333336 0.07077205882352941
12 0.5515625 0.7169117647058824 0.05 0.05698529411764706
