0 0.5197916666666667 0.23759191176470587 0.06770833333333333 0.10386029411764706
1 0.5276041666666667 0.33869485294117646 0.10208333333333333 0.08915441176470588
2 0.4921875 0.2688419117647059 0.057291666666666664 0.0744485294117647
3 0.490625 0.35202205882352944 0.04791666666666667 0.0625
4 0.4901041666666667 0.43152573529411764 0.046875 0.05422794117647059
5 0.5729166666666666 0.2610294117647059 0.05 0.08272058823529412
6 0.5770833333333333 0.3400735294117647 0.046875 0.09375
7 0.5817708333333333 0.4241727941176471 0.052083333333333336 0.04136029411764706
8 0.53828125 0.4609375 0.10260416666666666 0.07261029411764706
9 0.5127604166666667 0.5588235294117647 0.033854166666666664 0.051470588235294115
11 0.5466145833333333 0.5473345588235294 0.0359375 0.05238970588235294
12 0.5416666666666666 0.6654411764705882 0.04583333333333333 0.051470588235294115
