0 0.52734375 0.1796875 0.0609375 0.12959558823529413
1 0.5346354166666667 0.29549632352941174 0.11614583333333334 0.11488970588235294
2 0.49895833333333334 0.2522977941176471 0.05 0.078125
3 0.48541666666666666 0.33455882352941174 0.04895833333333333 0.06985294117647059
5 0.5713541666666667 0.2587316176470588 0.04895833333333333 0.08731617647058823
6 0.5763020833333333 0.3400735294117647 0.05677083333333333 0.07169117647058823
7 0.5669270833333333 0.4296875 0.06614583333333333 0.07261029411764706
8 0.5270833333333333 0.4508272058823529 0.125 0.07628676470588236
9 0.49557291666666664 0.5353860294117647 0.04010416666666667 0.05974264705882353
10 0.49192708333333335 0.6879595588235294 0.0359375 0.06158088235294118
11 0.546875 0.5707720588235294 0.05416666666666667 0.06066176470588235
12 0.5455729166666666 0.7141544117647058 0.03802083333333333 0.051470588235294115
