0 0.5317708333333333 0.2265625 0.065625 0.12040441176470588
1 0.5307291666666667 0.3359375 0.09583333333333334 0.08547794117647059
2 0.49921875 0.27481617647058826 0.0453125 0.05514705882352941
3 0.4901041666666667 0.34237132352941174 0.04479166666666667 0.06893382352941177
4 0.48046875 0.4273897058823529 0.06302083333333333 0.03860294117647059
5 0.5703125 0.26378676470588236 0.040625 0.07169117647058823
6 0.5763020833333333 0.34880514705882354 0.0453125 0.07628676470588236
7 0.57421875 0.43244485294117646 0.04114583333333333 0.04503676470588235
8 0.5309895833333333 0.4453125 0.11197916666666667 0.04871323529411765
9 0.5143229166666666 0.5510110294117647 0.0390625 0.06158088235294118
10 0.5169270833333334 0.6727941176470589 0.033854166666666664 0.04411764705882353
11 0.5619791666666667 0.5238970588235294 0.05 0.07904411764705882
