0 0.542578125 0.2902777777777778 0.05390625 0.12222222222222222
1 0.425 0.5131944444444444 0.0375 0.0763888888888889
2 0.467578125 0.4548611111111111 0.03984375 0.07083333333333333
3 0.503515625 0.36666666666666664 0.04765625 0.08055555555555556
4 0.573828125 0.36666666666666664 0.03359375 0.07222222222222222
5 0.59609375 0.425 0.034375 0.075
6 0.5953125 0.32569444444444445 0.0390625 0.08472222222222223
7 0.525 0.5840277777777778 0.090625 0.10416666666666667
8 0.53203125 0.46319444444444446 0.0703125 0.2652777777777778
9 0.484765625 0.6715277777777777 0.04140625 0.09583333333333334
10 0.4703125 0.8444444444444444 0.046875 0.11666666666666667
11 0.5375 0.7201388888888889 0.0421875 0.09305555555555556
12 0.51796875 0.8652777777777778 0.053125 0.09166666666666666
