0 0.50234375 0.2590277777777778 0.0546875 0.1125
1 0.3921875 0.42777777777777776 0.04375 0.06111111111111111
2 0.4390625 0.39444444444444443 0.040625 0.06388888888888888
3 0.4734375 0.35138888888888886 0.0390625 0.06388888888888888
4 0.544921875 0.3375 0.03828125 0.06944444444444445
5 0.590234375 0.37569444444444444 0.03515625 0.0763888888888889
6 0.646875 0.4201388888888889 0.04375 0.0763888888888889
7 0.5109375 0.5736111111111111 0.0875 0.1
8 0.507421875 0.4409722222222222 0.08203125 0.23194444444444445
9 0.48359375 0.7097222222222223 0.0359375 0.07777777777777778
10 0.4828125 0.8409722222222222 0.040625 0.09305555555555556
11 0.530859375 0.7125 0.03984375 0.08333333333333333
12 0.52265625 0.8493055555555555 0.04375 0.09305555555555556
