0 0.49609375 0.27361111111111114 0.0578125 0.14444444444444443
1 0.37734375 0.4666666666666667 0.0390625 0.06111111111111111
3 0.46953125 0.34375 0.0328125 0.05138888888888889
4 0.52109375 0.38333333333333336 0.0375 0.09166666666666666
5 0.48359375 0.4798611111111111 0.040625 0.0763888888888889
6 0.41171875 0.50625 0.046875 0.06805555555555555
7 0.425390625 0.5520833333333334 0.09296875 0.09861111111111111
8 0.4671875 0.44722222222222224 0.05625 0.18333333333333332
9 0.358984375 0.5965277777777778 0.05703125 0.06805555555555555
10 0.37734375 0.7604166666666666 0.0640625 0.08472222222222223
11 0.441796875 0.7097222222222223 0.04140625 0.08055555555555556
12 0.44296875 0.8659722222222223 0.0546875 0.10138888888888889
