0 0.592578125 0.3451388888888889 0.04296875 0.11527777777777778
1 0.5421875 0.30416666666666664 0.0421875 0.06944444444444445
2 0.49921875 0.31319444444444444 0.0328125 0.06805555555555555
3 0.5296875 0.36736111111111114 0.059375 0.059722222222222225
4 0.5875 0.4777777777777778 0.0296875 0.06666666666666667
5 0.579296875 0.5555555555555556 0.03828125 0.04722222222222222
6 0.6296875 0.5375 0.0421875 0.06666666666666667
7 0.509375 0.5618055555555556 0.10625 0.14027777777777778
8 0.54375 0.4701388888888889 0.075 0.2513888888888889
9 0.456640625 0.6166666666666667 0.03828125 0.075
10 0.393359375 0.7354166666666667 0.04609375 0.08194444444444444
11 0.53203125 0.7069444444444445 0.05625 0.08055555555555556
12 0.519140625 0.8576388888888888 0.05390625 0.10416666666666667
