0 0.5203125 0.33055555555555555 0.0546875 0.1388888888888889
1 0.49296875 0.5875 0.0390625 0.08611111111111111
2 0.454296875 0.48125 0.04296875 0.09583333333333334
3 0.484375 0.39791666666666664 0.0328125 0.07361111111111111
4 0.548828125 0.37916666666666665 0.02734375 0.06388888888888888
5 0.562890625 0.45416666666666666 0.02734375 0.06111111111111111
6 0.55625 0.5652777777777778 0.0375 0.06111111111111111
7 0.519140625 0.6027777777777777 0.10859375 0.08055555555555556
8 0.51015625 0.47430555555555554 0.075 0.18472222222222223
9 0.466796875 0.6930555555555555 0.04765625 0.06666666666666667
10 0.48359375 0.8604166666666667 0.0640625 0.0875
11 0.56171875 0.7 0.0484375 0.08055555555555556
12 0.576953125 0.8513888888888889 0.05390625 0.10833333333333334
