0 0.544140625 0.28402777777777777 0.05703125 0.12916666666666668
1 0.459375 0.41388888888888886 0.0359375 0.06388888888888888
2 0.46796875 0.45416666666666666 0.046875 0.05555555555555555
3 0.50859375 0.3770833333333333 0.0421875 0.06805555555555555
4 0.581640625 0.3680555555555556 0.03828125 0.075
5 0.612109375 0.45625 0.04609375 0.05694444444444444
6 0.616015625 0.4083333333333333 0.05234375 0.058333333333333334
7 0.524609375 0.5819444444444445 0.10546875 0.10555555555555556
8 0.53359375 0.4708333333333333 0.078125 0.23333333333333334
9 0.4828125 0.6798611111111111 0.0390625 0.07916666666666666
10 0.4609375 0.8402777777777778 0.05625 0.10555555555555556
11 0.53828125 0.7138888888888889 0.0484375 0.08888888888888889
12 0.52109375 0.8631944444444445 0.0515625 0.0875
