0 0.509375 0.2638888888888889 0.0546875 0.13055555555555556
1 0.5125 0.475 0.040625 0.07777777777777778
2 0.473046875 0.43680555555555556 0.03359375 0.0625
3 0.478515625 0.35138888888888886 0.03359375 0.06111111111111111
4 0.551953125 0.33958333333333335 0.03671875 0.07916666666666666
5 0.584765625 0.36319444444444443 0.03046875 0.0763888888888889
6 0.616015625 0.44583333333333336 0.04296875 0.07777777777777778
7 0.516015625 0.5666666666666667 0.08984375 0.09166666666666666
8 0.5171875 0.4395833333333333 0.0828125 0.2125
9 0.4640625 0.6770833333333334 0.0375 0.0763888888888889
10 0.4578125 0.8423611111111111 0.0609375 0.09583333333333334
11 0.544921875 0.6902777777777778 0.03984375 0.075
12 0.554296875 0.8354166666666667 0.04140625 0.11527777777777778
