0 0.45859375 0.32083333333333336 0.0671875 0.12777777777777777
1 0.416796875 0.5652777777777778 0.03671875 0.07777777777777778
2 0.437890625 0.46597222222222223 0.03359375 0.07916666666666666
3 0.45625 0.39652777777777776 0.0453125 0.06805555555555555
4 0.51015625 0.37222222222222223 0.053125 0.07777777777777778
5 0.53828125 0.4465277777777778 0.040625 0.09861111111111111
6 0.523046875 0.5708333333333333 0.04453125 0.075
7 0.51015625 0.5972222222222222 0.1046875 0.08333333333333333
8 0.490625 0.47708333333333336 0.071875 0.1875
9 0.465625 0.6868055555555556 0.046875 0.08194444444444444
10 0.471484375 0.8479166666666667 0.06640625 0.09583333333333334
11 0.530078125 0.7076388888888889 0.04609375 0.0763888888888889
12 0.5578125 0.8548611111111111 0.0625 0.08194444444444444
