0 0.5375 0.29444444444444445 0.0515625 0.11944444444444445
1 0.434375 0.5006944444444444 0.0421875 0.08194444444444444
2 0.469921875 0.43125 0.03515625 0.08472222222222223
3 0.4984375 0.36666666666666664 0.0421875 0.08055555555555556
4 0.572265625 0.38055555555555554 0.03203125 0.08611111111111111
5 0.596875 0.45 0.0375 0.06666666666666667
6 0.61171875 0.3451388888888889 0.0390625 0.07361111111111111
7 0.52421875 0.5979166666666667 0.0890625 0.11805555555555555
8 0.52890625 0.46319444444444446 0.075 0.23472222222222222
9 0.493359375 0.7006944444444444 0.03671875 0.07361111111111111
10 0.4875 0.8138888888888889 0.040625 0.10555555555555556
11 0.539453125 0.7159722222222222 0.03828125 0.09583333333333334
12 0.52265625 0.8583333333333333 0.04375 0.1
