0 0.51484375 0.26319444444444445 0.0546875 0.12638888888888888
1 0.430859375 0.4166666666666667 0.03828125 0.07222222222222222
2 0.458984375 0.40694444444444444 0.02578125 0.06666666666666667
3 0.4828125 0.3451388888888889 0.0390625 0.06805555555555555
4 0.548828125 0.34444444444444444 0.04296875 0.08055555555555556
5 0.58359375 0.4 0.0296875 0.075
6 0.652734375 0.4097222222222222 0.03984375 0.06666666666666667
7 0.51484375 0.5840277777777778 0.109375 0.09583333333333334
8 0.51640625 0.4340277777777778 0.0765625 0.2263888888888889
9 0.489453125 0.70625 0.03203125 0.07361111111111111
10 0.4796875 0.84375 0.040625 0.09583333333333334
11 0.530078125 0.7076388888888889 0.03671875 0.09027777777777778
12 0.522265625 0.8534722222222222 0.03671875 0.10972222222222222
