0 0.480078125 0.29375 0.05546875 0.12083333333333333
1 0.38203125 0.5159722222222223 0.0328125 0.07083333333333333
2 0.434375 0.4625 0.0328125 0.08055555555555556
3 0.466796875 0.37430555555555556 0.03203125 0.0763888888888889
4 0.526953125 0.34791666666666665 0.03984375 0.07083333333333333
5 0.5515625 0.4166666666666667 0.0375 0.058333333333333334
6 0.575 0.4909722222222222 0.040625 0.06805555555555555
7 0.510546875 0.5833333333333334 0.08203125 0.08888888888888889
8 0.498828125 0.46319444444444446 0.08515625 0.19305555555555556
9 0.471875 0.6944444444444444 0.0375 0.07777777777777778
10 0.473046875 0.85625 0.06328125 0.07916666666666666
11 0.526953125 0.7090277777777778 0.04609375 0.07361111111111111
12 0.546484375 0.8555555555555555 0.06328125 0.08611111111111111
