0 0.520703125 0.2569444444444444 0.06328125 0.13055555555555556
1 0.453515625 0.4076388888888889 0.03046875 0.07083333333333333
2 0.46875 0.38125 0.0296875 0.059722222222222225
3 0.48515625 0.34097222222222223 0.03125 0.06805555555555555
4 0.5578125 0.34652777777777777 0.0375 0.0875
5 0.588671875 0.3993055555555556 0.03984375 0.07083333333333333
6 0.658984375 0.3972222222222222 0.04921875 0.06388888888888888
7 0.510546875 0.5840277777777778 0.09609375 0.09305555555555556
8 0.514453125 0.44166666666666665 0.07265625 0.24166666666666667
9 0.487890625 0.7048611111111112 0.03984375 0.08472222222222223
10 0.484765625 0.8520833333333333 0.03671875 0.09305555555555556
11 0.53359375 0.7076388888888889 0.0375 0.08194444444444444
12 0.52109375 0.85625 0.0421875 0.09305555555555556
