0 0.514453125 0.26458333333333334 0.05234375 0.12361111111111112
1 0.40546875 0.49444444444444446 0.0328125 0.08611111111111111
2 0.437890625 0.4041666666666667 0.04140625 0.06388888888888888
3 0.475 0.34375 0.03125 0.07361111111111111
4 0.551171875 0.33819444444444446 0.03203125 0.07361111111111111
5 0.551171875 0.41875 0.04609375 0.05138888888888889
6 0.491796875 0.4361111111111111 0.04296875 0.06944444444444445
7 0.510546875 0.5631944444444444 0.09453125 0.09027777777777778
8 0.50703125 0.42777777777777776 0.075 0.21388888888888888
9 0.484765625 0.6881944444444444 0.03046875 0.07916666666666666
10 0.46640625 0.8472222222222222 0.05 0.09444444444444444
11 0.534375 0.7 0.0375 0.07222222222222222
12 0.542578125 0.8506944444444444 0.04609375 0.09305555555555556
