0 0.56484375 0.30625 0.0546875 0.1125
1 0.47890625 0.29305555555555557 0.0359375 0.04722222222222222
2 0.45625 0.3402777777777778 0.04375 0.06666666666666667
3 0.50546875 0.35138888888888886 0.0390625 0.06944444444444445
4 0.57578125 0.42083333333333334 0.0296875 0.058333333333333334
6 0.550390625 0.44375 0.03984375 0.0763888888888889
7 0.47890625 0.5319444444444444 0.1125 0.1388888888888889
8 0.523828125 0.4409722222222222 0.07265625 0.2263888888888889
9 0.398828125 0.5354166666666667 0.04609375 0.09861111111111111
10 0.366796875 0.6888888888888889 0.06953125 0.08888888888888889
11 0.497265625 0.6888888888888889 0.04921875 0.08055555555555556
12 0.50859375 0.8625 0.0625 0.09722222222222222
