0 0.53046875 0.26805555555555555 0.053125 0.125
1 0.421484375 0.4826388888888889 0.04765625 0.0625
2 0.459765625 0.4131944444444444 0.02890625 0.05694444444444444
3 0.49609375 0.34791666666666665 0.0328125 0.0625
4 0.566015625 0.34652777777777777 0.03828125 0.07361111111111111
5 0.579296875 0.43819444444444444 0.03515625 0.05694444444444444
6 0.585546875 0.5569444444444445 0.04140625 0.07777777777777778
7 0.515625 0.5645833333333333 0.0875 0.09305555555555556
8 0.522265625 0.4409722222222222 0.07109375 0.22916666666666666
9 0.491015625 0.6958333333333333 0.03828125 0.06388888888888888
10 0.48515625 0.8486111111111111 0.05 0.08333333333333333
11 0.539453125 0.6909722222222222 0.03984375 0.0763888888888889
12 0.546875 0.8458333333333333 0.040625 0.10555555555555556
