0 0.54453125 0.2965277777777778 0.0515625 0.13194444444444445
1 0.434375 0.5159722222222223 0.0359375 0.08194444444444444
2 0.4734375 0.45 0.0359375 0.07222222222222222
3 0.503515625 0.37222222222222223 0.03828125 0.08333333333333333
4 0.576953125 0.3729166666666667 0.03359375 0.07083333333333333
5 0.601171875 0.44166666666666665 0.03359375 0.07222222222222222
6 0.603515625 0.3423611111111111 0.03359375 0.07361111111111111
7 0.521484375 0.5923611111111111 0.09921875 0.09583333333333334
8 0.53125 0.46805555555555556 0.0703125 0.25277777777777777
9 0.48203125 0.6923611111111111 0.04375 0.08472222222222223
10 0.47265625 0.8395833333333333 0.0546875 0.13194444444444445
11 0.537890625 0.7368055555555556 0.03828125 0.08472222222222223
12 0.520703125 0.8715277777777778 0.04453125 0.10138888888888889
