0 0.5390625 0.3 0.053125 0.12777777777777777
1 0.4421875 0.5118055555555555 0.0359375 0.07361111111111111
2 0.476171875 0.44027777777777777 0.03984375 0.08055555555555556
3 0.508984375 0.3798611111111111 0.03984375 0.07916666666666666
4 0.57578125 0.3861111111111111 0.0359375 0.08055555555555556
5 0.5984375 0.44930555555555557 0.0390625 0.07083333333333333
6 0.609375 0.35555555555555557 0.034375 0.08055555555555556
7 0.525 0.5986111111111111 0.0984375 0.1111111111111111
8 0.53125 0.46805555555555556 0.071875 0.24166666666666667
9 0.489453125 0.6819444444444445 0.04296875 0.075
10 0.47890625 0.8236111111111111 0.0390625 0.11944444444444445
11 0.5390625 0.7145833333333333 0.0390625 0.10416666666666667
12 0.51953125 0.8604166666666667 0.0546875 0.09583333333333334
