0 0.526171875 0.2701388888888889 0.05234375 0.12638888888888888
1 0.462890625 0.5611111111111111 0.03359375 0.06944444444444445
2 0.47578125 0.4465277777777778 0.0234375 0.0875
3 0.490234375 0.35208333333333336 0.03046875 0.06527777777777778
4 0.564453125 0.35625 0.03515625 0.0875
5 0.573046875 0.475 0.02890625 0.07222222222222222
6 0.5671875 0.5819444444444445 0.0328125 0.07222222222222222
7 0.519140625 0.5840277777777778 0.08671875 0.10416666666666667
8 0.520703125 0.44583333333333336 0.06953125 0.21944444444444444
9 0.4890625 0.6993055555555555 0.034375 0.0763888888888889
10 0.49140625 0.8506944444444444 0.040625 0.08472222222222223
11 0.542578125 0.6986111111111111 0.03984375 0.08888888888888889
12 0.54765625 0.8534722222222222 0.040625 0.09305555555555556
