0 0.47421875 0.32013888888888886 0.059375 0.12361111111111112
1 0.4671875 0.5541666666666667 0.0375 0.07777777777777778
2 0.433203125 0.4840277777777778 0.04609375 0.07361111111111111
3 0.455078125 0.4013888888888889 0.04140625 0.07222222222222222
4 0.51953125 0.38055555555555554 0.05 0.075
5 0.5484375 0.4736111111111111 0.0375 0.07222222222222222
6 0.5390625 0.5770833333333333 0.0390625 0.07083333333333333
7 0.51015625 0.6013888888888889 0.0921875 0.08055555555555556
8 0.491796875 0.4756944444444444 0.09453125 0.2013888888888889
9 0.469921875 0.7104166666666667 0.03515625 0.08472222222222223
10 0.467578125 0.84375 0.04921875 0.0875
11 0.53671875 0.7013888888888888 0.05 0.07777777777777778
12 0.56328125 0.8569444444444444 0.0546875 0.08611111111111111
