0 0.523046875 0.26805555555555555 0.05546875 0.13055555555555556
1 0.409765625 0.4576388888888889 0.03515625 0.08472222222222223
2 0.45625 0.4340277777777778 0.0296875 0.06527777777777778
3 0.492578125 0.3645833333333333 0.03828125 0.0625
4 0.565625 0.3458333333333333 0.0390625 0.075
5 0.575390625 0.4354166666666667 0.03828125 0.059722222222222225
6 0.587109375 0.5465277777777777 0.03984375 0.07083333333333333
7 0.51640625 0.5631944444444444 0.084375 0.09861111111111111
8 0.518359375 0.4486111111111111 0.06953125 0.20277777777777778
9 0.4859375 0.6951388888888889 0.040625 0.09305555555555556
10 0.478125 0.8576388888888888 0.0609375 0.07916666666666666
11 0.538671875 0.6986111111111111 0.04296875 0.08333333333333333
12 0.542578125 0.85 0.04609375 0.1
