0 0.530859375 0.28402777777777777 0.05078125 0.13194444444444445
1 0.444140625 0.4583333333333333 0.04140625 0.075
2 0.471484375 0.41944444444444445 0.03203125 0.06944444444444445
3 0.492578125 0.35833333333333334 0.04296875 0.075
4 0.560546875 0.36041666666666666 0.03515625 0.06805555555555555
5 0.591015625 0.42777777777777776 0.04140625 0.08055555555555556
6 0.642578125 0.37222222222222223 0.03828125 0.08333333333333333
7 0.5234375 0.5965277777777778 0.09375 0.09861111111111111
8 0.5234375 0.44930555555555557 0.071875 0.2375
9 0.494921875 0.7104166666666667 0.03828125 0.07916666666666666
10 0.480078125 0.8527777777777777 0.03984375 0.09444444444444444
11 0.536328125 0.7215277777777778 0.03828125 0.08472222222222223
12 0.51953125 0.8638888888888889 0.0421875 0.08888888888888889
