0 0.553515625 0.2951388888888889 0.05078125 0.12916666666666668
1 0.465234375 0.4027777777777778 0.03203125 0.05555555555555555
2 0.465625 0.43819444444444444 0.040625 0.04583333333333333
3 0.508203125 0.37777777777777777 0.04453125 0.08333333333333333
4 0.5890625 0.38333333333333336 0.034375 0.06944444444444445
5 0.6125 0.45902777777777776 0.034375 0.059722222222222225
6 0.626953125 0.4173611111111111 0.04453125 0.05416666666666667
7 0.521875 0.5916666666666667 0.0984375 0.09444444444444444
8 0.5328125 0.4652777777777778 0.078125 0.21944444444444444
9 0.484375 0.6798611111111111 0.03125 0.07361111111111111
10 0.46171875 0.8354166666666667 0.0515625 0.0875
11 0.5421875 0.7180555555555556 0.0375 0.08888888888888889
12 0.51875 0.8576388888888888 0.05625 0.09583333333333334
