0 0.52109375 0.26875 0.053125 0.13472222222222222
1 0.450390625 0.4215277777777778 0.02734375 0.06805555555555555
2 0.46796875 0.3923611111111111 0.028125 0.07083333333333333
3 0.483984375 0.33819444444444446 0.03359375 0.06527777777777778
4 0.55390625 0.34375 0.0328125 0.07916666666666666
5 0.590234375 0.4041666666666667 0.03359375 0.075
6 0.65703125 0.40069444444444446 0.034375 0.0625
7 0.51953125 0.5861111111111111 0.0875 0.09166666666666666
8 0.519140625 0.4388888888888889 0.07578125 0.24444444444444444
9 0.490234375 0.7118055555555556 0.03203125 0.08472222222222223
10 0.48046875 0.8576388888888888 0.0375 0.09027777777777778
11 0.531640625 0.7076388888888889 0.03671875 0.07916666666666666
12 0.51953125 0.8604166666666667 0.04375 0.08472222222222223
