0 0.480859375 0.2722222222222222 0.05390625 0.125
1 0.50234375 0.3888888888888889 0.0375 0.08888888888888889
2 0.467578125 0.43819444444444444 0.03046875 0.06805555555555555
3 0.45625 0.3680555555555556 0.034375 0.058333333333333334
4 0.53046875 0.3333333333333333 0.0296875 0.08611111111111111
5 0.565625 0.34652777777777777 0.0265625 0.06805555555555555
6 0.588671875 0.43680555555555556 0.03984375 0.09027777777777778
7 0.496484375 0.5701388888888889 0.09140625 0.10138888888888889
8 0.498828125 0.44583333333333336 0.07421875 0.21388888888888888
9 0.44609375 0.6805555555555556 0.0390625 0.06666666666666667
10 0.454296875 0.8347222222222223 0.05390625 0.1
11 0.52890625 0.6875 0.04375 0.07222222222222222
12 0.544921875 0.8375 0.05078125 0.10833333333333334
