0 0.551953125 0.2861111111111111 0.05234375 0.12777777777777777
1 0.458203125 0.41041666666666665 0.03515625 0.04861111111111111
2 0.4640625 0.4618055555555556 0.0390625 0.05138888888888889
3 0.50625 0.36666666666666664 0.0453125 0.07777777777777778
4 0.581640625 0.36041666666666666 0.03671875 0.0763888888888889
5 0.612109375 0.4534722222222222 0.03984375 0.04861111111111111
6 0.614453125 0.4076388888888889 0.04609375 0.05694444444444444
7 0.526953125 0.5902777777777778 0.10234375 0.09166666666666666
8 0.53359375 0.46458333333333335 0.078125 0.23194444444444445
9 0.48515625 0.6722222222222223 0.0390625 0.07222222222222222
10 0.46328125 0.8347222222222223 0.0484375 0.10555555555555556
11 0.5421875 0.71875 0.0453125 0.07916666666666666
12 0.517578125 0.8576388888888888 0.05078125 0.09027777777777778
