0 0.540625 0.29930555555555555 0.0484375 0.12083333333333333
1 0.43828125 0.5166666666666667 0.0390625 0.08611111111111111
2 0.4703125 0.4388888888888889 0.034375 0.08055555555555556
3 0.50234375 0.37569444444444444 0.0359375 0.08194444444444444
4 0.573828125 0.3840277777777778 0.03046875 0.08194444444444444
5 0.599609375 0.44513888888888886 0.03515625 0.07361111111111111
6 0.612109375 0.36180555555555555 0.03828125 0.07916666666666666
7 0.525 0.6013888888888889 0.0921875 0.10277777777777777
8 0.531640625 0.47291666666666665 0.07578125 0.24583333333333332
9 0.49296875 0.6923611111111111 0.0421875 0.07361111111111111
10 0.487890625 0.8236111111111111 0.03984375 0.11388888888888889
11 0.537890625 0.7340277777777777 0.04140625 0.08472222222222223
12 0.52265625 0.8631944444444445 0.0453125 0.0875
