0 0.5203125 0.26458333333333334 0.053125 0.11527777777777778
1 0.40078125 0.49236111111111114 0.040625 0.07083333333333333
2 0.4515625 0.44930555555555557 0.0375 0.07083333333333333
3 0.48359375 0.35 0.0390625 0.08055555555555556
4 0.558203125 0.3416666666666667 0.03828125 0.08333333333333333
5 0.606640625 0.3645833333333333 0.03359375 0.06805555555555555
6 0.641796875 0.44027777777777777 0.04296875 0.08888888888888889
7 0.516796875 0.5722222222222222 0.09765625 0.09166666666666666
8 0.515625 0.4444444444444444 0.0796875 0.2222222222222222
9 0.487890625 0.6923611111111111 0.03984375 0.0763888888888889
10 0.49296875 0.8444444444444444 0.046875 0.10555555555555556
11 0.540625 0.6979166666666666 0.0421875 0.08194444444444444
12 0.5421875 0.8506944444444444 0.05 0.10138888888888889
