0 0.5421875 0.2986111111111111 0.053125 0.12777777777777777
1 0.4359375 0.5277777777777778 0.0375 0.07222222222222222
2 0.47421875 0.44930555555555557 0.034375 0.06805555555555555
3 0.5 0.37430555555555556 0.040625 0.07361111111111111
4 0.575 0.38125 0.0296875 0.07361111111111111
5 0.596484375 0.4423611111111111 0.03671875 0.07083333333333333
6 0.603125 0.35625 0.03125 0.06527777777777778
7 0.525390625 0.6013888888888889 0.09921875 0.09166666666666666
8 0.531640625 0.475 0.06796875 0.25555555555555554
9 0.489453125 0.68125 0.04140625 0.07083333333333333
10 0.485546875 0.8229166666666666 0.03671875 0.10694444444444444
11 0.540234375 0.7208333333333333 0.04453125 0.08888888888888889
12 0.51953125 0.8631944444444445 0.0484375 0.09305555555555556
