0 0.493359375 0.2611111111111111 0.05859375 0.10555555555555556
1 0.38046875 0.4409722222222222 0.0328125 0.09027777777777778
2 0.43203125 0.3923611111111111 0.040625 0.07361111111111111
3 0.471875 0.3486111111111111 0.040625 0.075
4 0.53984375 0.3263888888888889 0.0453125 0.07777777777777778
5 0.575390625 0.3902777777777778 0.04453125 0.08333333333333333
6 0.6390625 0.45069444444444445 0.0484375 0.07361111111111111
7 0.510546875 0.5486111111111112 0.09453125 0.1
8 0.505859375 0.42916666666666664 0.07890625 0.20833333333333334
9 0.48984375 0.6965277777777777 0.034375 0.07916666666666666
10 0.48984375 0.8520833333333333 0.0359375 0.10138888888888889
11 0.531640625 0.7013888888888888 0.03515625 0.08333333333333333
12 0.530078125 0.8597222222222223 0.04140625 0.09722222222222222
