0 0.53125 0.2625 0.05625 0.11666666666666667
1 0.380078125 0.4097222222222222 0.03671875 0.06388888888888888
2 0.44921875 0.40902777777777777 0.0328125 0.06527777777777778
3 0.496875 0.3527777777777778 0.0375 0.07777777777777778
4 0.56953125 0.34791666666666665 0.0359375 0.0763888888888889
5 0.58671875 0.42569444444444443 0.03125 0.0875
6 0.622265625 0.42569444444444443 0.03359375 0.0763888888888889
7 0.515234375 0.5826388888888889 0.08203125 0.09861111111111111
8 0.520703125 0.4465277777777778 0.07421875 0.23194444444444445
9 0.478125 0.6958333333333333 0.04375 0.075
10 0.4734375 0.8513888888888889 0.0609375 0.08611111111111111
11 0.534765625 0.7069444444444445 0.03984375 0.07777777777777778
12 0.55 0.8555555555555555 0.05625 0.08888888888888889
