0 0.481640625 0.3229166666666667 0.05859375 0.12361111111111112
1 0.491796875 0.5527777777777778 0.03984375 0.08611111111111111
2 0.4453125 0.49236111111111114 0.05 0.0625
3 0.45625 0.40555555555555556 0.0328125 0.06944444444444445
4 0.525390625 0.38263888888888886 0.04140625 0.07083333333333333
5 0.544140625 0.46944444444444444 0.02890625 0.06944444444444445
6 0.5578125 0.5881944444444445 0.0390625 0.07916666666666666
7 0.50703125 0.6034722222222222 0.0953125 0.08194444444444444
8 0.49375 0.4777777777777778 0.0828125 0.21388888888888888
9 0.486328125 0.7097222222222223 0.03828125 0.09166666666666666
10 0.458984375 0.8465277777777778 0.04453125 0.09027777777777778
11 0.547265625 0.7020833333333333 0.03984375 0.08194444444444444
12 0.569921875 0.85625 0.04296875 0.10972222222222222
