0 0.492578125 0.2701388888888889 0.05390625 0.12916666666666668
1 0.468359375 0.5361111111111111 0.03515625 0.07777777777777778
2 0.458203125 0.44027777777777777 0.03046875 0.07222222222222222
3 0.4640625 0.3506944444444444 0.03125 0.06805555555555555
4 0.530078125 0.34930555555555554 0.03671875 0.0763888888888889
5 0.554296875 0.43194444444444446 0.04453125 0.06111111111111111
6 0.573828125 0.5527777777777778 0.03828125 0.075
7 0.521875 0.5756944444444444 0.0921875 0.07916666666666666
8 0.50625 0.44583333333333336 0.0921875 0.21388888888888888
9 0.488671875 0.7034722222222223 0.03984375 0.09027777777777778
10 0.48515625 0.8506944444444444 0.05625 0.09305555555555556
11 0.544921875 0.6965277777777777 0.04296875 0.07916666666666666
12 0.55546875 0.8513888888888889 0.0484375 0.09444444444444444
