0 0.508203125 0.25277777777777777 0.05546875 0.11388888888888889
1 0.379296875 0.4236111111111111 0.03828125 0.08611111111111111
2 0.43671875 0.4013888888888889 0.0359375 0.075
3 0.480078125 0.34444444444444444 0.03515625 0.07777777777777778
4 0.55078125 0.3215277777777778 0.034375 0.07916666666666666
5 0.586328125 0.38055555555555554 0.03515625 0.075
6 0.639453125 0.44513888888888886 0.04296875 0.07361111111111111
7 0.512890625 0.5694444444444444 0.09609375 0.1
8 0.512109375 0.4305555555555556 0.08828125 0.225
9 0.488671875 0.7 0.03515625 0.07777777777777778
10 0.4875 0.8493055555555555 0.0390625 0.09583333333333334
11 0.532421875 0.6986111111111111 0.03671875 0.09722222222222222
12 0.533984375 0.8534722222222222 0.05234375 0.09305555555555556
