0 0.544921875 0.2881944444444444 0.05390625 0.1375
1 0.437109375 0.5131944444444444 0.03984375 0.07916666666666666
2 0.470703125 0.45208333333333334 0.04296875 0.0763888888888889
3 0.502734375 0.3729166666666667 0.04765625 0.07916666666666666
4 0.5765625 0.3729166666666667 0.034375 0.06527777777777778
5 0.598828125 0.43819444444444444 0.03671875 0.06527777777777778
6 0.605859375 0.3458333333333333 0.03984375 0.08888888888888889
7 0.5234375 0.5944444444444444 0.1015625 0.1
8 0.529296875 0.475 0.07578125 0.28055555555555556
9 0.48671875 0.6923611111111111 0.0390625 0.08472222222222223
10 0.471484375 0.8291666666666667 0.05078125 0.11666666666666667
11 0.5390625 0.7270833333333333 0.046875 0.0875
12 0.518359375 0.8652777777777778 0.05390625 0.09444444444444444
