0 0.541796875 0.29097222222222224 0.05390625 0.13194444444444445
1 0.46015625 0.39375 0.0375 0.05138888888888889
2 0.460546875 0.4479166666666667 0.04296875 0.05694444444444444
3 0.503515625 0.3680555555555556 0.03984375 0.06111111111111111
4 0.5765625 0.3486111111111111 0.034375 0.05555555555555555
5 0.615625 0.41458333333333336 0.03125 0.07361111111111111
6 0.578125 0.38958333333333334 0.0484375 0.06805555555555555
7 0.52578125 0.5791666666666667 0.09375 0.12222222222222222
8 0.533984375 0.46458333333333335 0.08515625 0.20694444444444443
9 0.4859375 0.69375 0.0359375 0.0875
10 0.465234375 0.8506944444444444 0.04921875 0.09861111111111111
11 0.53828125 0.7256944444444444 0.0453125 0.08194444444444444
12 0.51796875 0.8611111111111112 0.0453125 0.09166666666666666
