0 0.532421875 0.2798611111111111 0.05234375 0.12638888888888888
1 0.439453125 0.4666666666666667 0.03984375 0.075
2 0.46953125 0.4166666666666667 0.0375 0.08055555555555556
3 0.49609375 0.3611111111111111 0.040625 0.07222222222222222
4 0.565625 0.37083333333333335 0.028125 0.08055555555555556
5 0.5984375 0.44166666666666665 0.03125 0.07222222222222222
6 0.636328125 0.3576388888888889 0.04140625 0.07916666666666666
7 0.52109375 0.6034722222222222 0.0984375 0.10416666666666667
8 0.5265625 0.4548611111111111 0.065625 0.2375
9 0.49609375 0.7125 0.0359375 0.07222222222222222
10 0.484765625 0.8472222222222222 0.03671875 0.1111111111111111
11 0.535546875 0.70625 0.03671875 0.0763888888888889
12 0.523046875 0.8618055555555556 0.05078125 0.10138888888888889
