0 0.54453125 0.29305555555555557 0.0578125 0.125
1 0.41953125 0.48333333333333334 0.046875 0.06388888888888888
2 0.466796875 0.4375 0.03359375 0.06388888888888888
3 0.507421875 0.37222222222222223 0.04296875 0.07222222222222222
4 0.58125 0.35625 0.0296875 0.043055555555555555
5 0.619140625 0.40069444444444446 0.03203125 0.06805555555555555
6 0.562890625 0.38055555555555554 0.04296875 0.06944444444444445
7 0.521875 0.5923611111111111 0.0984375 0.10416666666666667
8 0.53203125 0.4625 0.078125 0.23055555555555557
9 0.483984375 0.6875 0.03984375 0.08333333333333333
10 0.464453125 0.8451388888888889 0.05078125 0.10972222222222222
11 0.536328125 0.71875 0.04140625 0.08194444444444444
12 0.51953125 0.8611111111111112 0.0484375 0.09444444444444444
