0 0.588671875 0.3423611111111111 0.05078125 0.09305555555555556
1 0.573046875 0.36944444444444446 0.04140625 0.06944444444444445
2 0.516796875 0.325 0.03515625 0.06388888888888888
6 0.576171875 0.5930555555555556 0.03515625 0.09444444444444444
7 0.49375 0.5430555555555555 0.0984375 0.1388888888888889
8 0.533984375 0.46944444444444444 0.06796875 0.19722222222222222
9 0.44375 0.6138888888888889 0.0375 0.07777777777777778
10 0.341796875 0.5840277777777778 0.05703125 0.09027777777777778
11 0.515234375 0.7 0.04765625 0.07777777777777778
12 0.514453125 0.8708333333333333 0.06640625 0.09444444444444444
