0 0.53125 0.26805555555555555 0.05625 0.125
1 0.448046875 0.5354166666666667 0.03984375 0.10138888888888889
2 0.45859375 0.4152777777777778 0.0421875 0.08055555555555556
3 0.49609375 0.34375 0.0328125 0.07361111111111111
4 0.565234375 0.3458333333333333 0.03203125 0.075
5 0.582421875 0.41875 0.03203125 0.0625
6 0.553125 0.47638888888888886 0.03125 0.06111111111111111
7 0.523828125 0.5631944444444444 0.09609375 0.08472222222222223
8 0.528125 0.4375 0.0765625 0.2222222222222222
9 0.498046875 0.6930555555555555 0.03671875 0.06944444444444445
10 0.4859375 0.85 0.0515625 0.09444444444444444
11 0.54609375 0.6993055555555555 0.040625 0.06527777777777778
12 0.5546875 0.8465277777777778 0.046875 0.09861111111111111
