0 0.5453125 0.29375 0.0515625 0.12638888888888888
1 0.487890625 0.4527777777777778 0.03984375 0.06944444444444445
2 0.45859375 0.4131944444444444 0.04375 0.05138888888888889
3 0.50703125 0.36666666666666664 0.0359375 0.06111111111111111
4 0.580078125 0.36944444444444446 0.03671875 0.07777777777777778
5 0.608984375 0.4076388888888889 0.02109375 0.06805555555555555
6 0.634765625 0.3909722222222222 0.03984375 0.07361111111111111
7 0.52265625 0.5958333333333333 0.10625 0.10277777777777777
8 0.528125 0.46875 0.0828125 0.24305555555555555
9 0.485546875 0.6784722222222223 0.04296875 0.0875
10 0.46484375 0.8479166666666667 0.053125 0.10138888888888889
11 0.54140625 0.7236111111111111 0.0421875 0.08055555555555556
12 0.521484375 0.8638888888888889 0.04921875 0.09444444444444444
