0 0.51484375 0.25972222222222224 0.05625 0.12222222222222222
1 0.428125 0.41458333333333336 0.0328125 0.07361111111111111
2 0.46015625 0.39652777777777776 0.0328125 0.07361111111111111
3 0.483203125 0.33819444444444446 0.04765625 0.06527777777777778
4 0.555078125 0.33958333333333335 0.03828125 0.07361111111111111
5 0.58671875 0.39305555555555555 0.03125 0.06944444444444445
6 0.654296875 0.4076388888888889 0.04453125 0.08472222222222223
7 0.509375 0.5868055555555556 0.0984375 0.10138888888888889
8 0.513671875 0.4395833333333333 0.07421875 0.24305555555555555
9 0.48515625 0.7083333333333334 0.0375 0.075
10 0.479296875 0.8472222222222222 0.03828125 0.10555555555555556
11 0.52890625 0.7145833333333333 0.0359375 0.09305555555555556
12 0.523828125 0.8569444444444444 0.04296875 0.10277777777777777
