0 0.489453125 0.3236111111111111 0.05546875 0.12777777777777777
1 0.49375 0.5638888888888889 0.0390625 0.075
2 0.440234375 0.4840277777777778 0.04609375 0.07361111111111111
3 0.46171875 0.3951388888888889 0.0375 0.07083333333333333
4 0.53125 0.38263888888888886 0.03125 0.09027777777777778
5 0.551171875 0.4701388888888889 0.03203125 0.07361111111111111
6 0.55234375 0.5826388888888889 0.040625 0.07361111111111111
7 0.509765625 0.6034722222222222 0.09140625 0.0763888888888889
8 0.500390625 0.4722222222222222 0.07890625 0.20277777777777778
9 0.485546875 0.7138888888888889 0.04140625 0.07222222222222222
10 0.4578125 0.8465277777777778 0.0421875 0.09027777777777778
11 0.550390625 0.7041666666666667 0.05078125 0.06944444444444445
12 0.576171875 0.8479166666666667 0.04765625 0.09305555555555556
