0 0.541015625 0.3034722222222222 0.05234375 0.12916666666666668
1 0.43828125 0.5125 0.0328125 0.06944444444444445
2 0.474609375 0.4486111111111111 0.04296875 0.06666666666666667
3 0.503125 0.3736111111111111 0.034375 0.07777777777777778
4 0.572265625 0.3763888888888889 0.04140625 0.06944444444444445
6 0.611328125 0.35208333333333336 0.03203125 0.07361111111111111
5 0.601953125 0.44513888888888886 0.03203125 0.0625
7 0.525 0.5951388888888889 0.0984375 0.10416666666666667
8 0.53203125 0.47291666666666665 0.0640625 0.2569444444444444
9 0.49296875 0.7 0.040625 0.075
10 0.484765625 0.8305555555555556 0.03828125 0.11388888888888889
11 0.5390625 0.7361111111111112 0.0390625 0.08611111111111111
12 0.519140625 0.8652777777777778 0.04765625 0.08333333333333333
