0 0.522265625 0.28541666666666665 0.05859375 0.1375
1 0.400390625 0.4131944444444444 0.04609375 0.0625
3 0.493359375 0.35347222222222224 0.03359375 0.059722222222222225
4 0.551953125 0.3888888888888889 0.03203125 0.07777777777777778
5 0.526171875 0.46944444444444444 0.03671875 0.07222222222222222
6 0.492578125 0.4125 0.04296875 0.075
7 0.447265625 0.53125 0.11015625 0.12916666666666668
8 0.4953125 0.4340277777777778 0.0734375 0.1763888888888889
9 0.36015625 0.5777777777777777 0.0515625 0.08611111111111111
10 0.3609375 0.7402777777777778 0.06875 0.08611111111111111
11 0.463671875 0.6868055555555556 0.04609375 0.08472222222222223
12 0.46640625 0.8541666666666666 0.053125 0.1111111111111111
