0 0.523046875 0.26666666666666666 0.05234375 0.11944444444444445
1 0.430078125 0.5590277777777778 0.02890625 0.07361111111111111
2 0.46328125 0.46458333333333335 0.0328125 0.07916666666666666
3 0.487890625 0.36875 0.03671875 0.07916666666666666
4 0.56171875 0.34097222222222223 0.0375 0.0763888888888889
5 0.5734375 0.43680555555555556 0.0296875 0.0625
6 0.57578125 0.5423611111111111 0.0359375 0.0763888888888889
7 0.51953125 0.5708333333333333 0.0953125 0.09444444444444444
8 0.52109375 0.4388888888888889 0.075 0.2
9 0.487109375 0.69375 0.03984375 0.0875
10 0.48359375 0.84375 0.05 0.09027777777777778
11 0.54765625 0.6833333333333333 0.0421875 0.09444444444444444
12 0.551953125 0.8465277777777778 0.04609375 0.10416666666666667
