0 0.509765625 0.2625 0.05234375 0.13055555555555556
1 0.39609375 0.48333333333333334 0.046875 0.075
2 0.439453125 0.41041666666666665 0.04140625 0.07916666666666666
3 0.481640625 0.3333333333333333 0.04453125 0.075
4 0.55234375 0.35347222222222224 0.040625 0.09583333333333334
5 0.5953125 0.40347222222222223 0.0390625 0.08194444444444444
6 0.648046875 0.40694444444444444 0.05078125 0.075
7 0.512109375 0.5770833333333333 0.10078125 0.10138888888888889
8 0.510546875 0.4326388888888889 0.08046875 0.2513888888888889
9 0.491796875 0.7034722222222223 0.03671875 0.08194444444444444
10 0.487109375 0.8513888888888889 0.05078125 0.10833333333333334
11 0.533984375 0.6986111111111111 0.03984375 0.08888888888888889
12 0.533203125 0.8506944444444444 0.04140625 0.11527777777777778
