0 0.517578125 0.26805555555555555 0.04765625 0.1111111111111111
1 0.399609375 0.47291666666666665 0.04296875 0.09027777777777778
2 0.453125 0.4409722222222222 0.034375 0.07916666666666666
3 0.4890625 0.34652777777777777 0.0375 0.08472222222222223
4 0.552734375 0.3229166666666667 0.03203125 0.07916666666666666
5 0.60703125 0.3625 0.034375 0.08333333333333333
6 0.625390625 0.46458333333333335 0.03671875 0.06805555555555555
7 0.517578125 0.5722222222222222 0.09453125 0.10277777777777777
8 0.52421875 0.4375 0.06875 0.20833333333333334
9 0.488671875 0.69375 0.03828125 0.07361111111111111
10 0.485546875 0.8493055555555555 0.04453125 0.09027777777777778
11 0.5390625 0.7041666666666667 0.04375 0.09444444444444444
12 0.53515625 0.8569444444444444 0.046875 0.09166666666666666
