0 0.544140625 0.29791666666666666 0.05234375 0.12638888888888888
1 0.428125 0.5125 0.0375 0.08055555555555556
2 0.47421875 0.43819444444444444 0.040625 0.07361111111111111
3 0.51015625 0.3659722222222222 0.0453125 0.07083333333333333
4 0.578515625 0.3736111111111111 0.02578125 0.075
5 0.59921875 0.43333333333333335 0.0328125 0.06666666666666667
6 0.600390625 0.3402777777777778 0.03671875 0.06944444444444445
7 0.524609375 0.5847222222222223 0.09921875 0.11666666666666667
8 0.53359375 0.47152777777777777 0.0765625 0.24861111111111112
9 0.483984375 0.6944444444444444 0.03984375 0.07222222222222222
10 0.4703125 0.85 0.0453125 0.10555555555555556
11 0.537109375 0.7229166666666667 0.04296875 0.0875
12 0.51953125 0.8652777777777778 0.046875 0.08611111111111111
