0 0.53203125 0.275 0.05 0.13055555555555556
1 0.433984375 0.44722222222222224 0.03359375 0.08333333333333333
2 0.436328125 0.3576388888888889 0.03203125 0.06805555555555555
3 0.486328125 0.3388888888888889 0.03671875 0.06111111111111111
4 0.559375 0.35208333333333336 0.03125 0.059722222222222225
5 0.553515625 0.4409722222222222 0.02890625 0.05138888888888889
6 0.52734375 0.4284722222222222 0.03125 0.07361111111111111
7 0.50546875 0.5659722222222222 0.09375 0.08194444444444444
8 0.50703125 0.4361111111111111 0.078125 0.2111111111111111
9 0.47109375 0.6965277777777777 0.0328125 0.0763888888888889
10 0.464453125 0.8479166666666667 0.04296875 0.0763888888888889
11 0.53125 0.6833333333333333 0.0421875 0.06666666666666667
12 0.55 0.8486111111111111 0.05 0.09166666666666666
