0 0.540625 0.29305555555555557 0.0515625 0.13333333333333333
1 0.452734375 0.4076388888888889 0.04609375 0.0625
2 0.462109375 0.45902777777777776 0.03828125 0.04861111111111111
3 0.507421875 0.37916666666666665 0.03984375 0.08055555555555556
4 0.584375 0.36736111111111114 0.0328125 0.07361111111111111
5 0.615625 0.45555555555555555 0.0375 0.05277777777777778
6 0.61953125 0.40625 0.0375 0.05416666666666667
7 0.525 0.5923611111111111 0.0984375 0.10416666666666667
8 0.530859375 0.46875 0.08203125 0.22361111111111112
9 0.48203125 0.6763888888888889 0.0421875 0.07777777777777778
10 0.462890625 0.8409722222222222 0.04609375 0.10138888888888889
11 0.539453125 0.7125 0.03984375 0.08333333333333333
12 0.51875 0.8631944444444445 0.0515625 0.09305555555555556
