0 0.512890625 0.25763888888888886 0.05234375 0.12638888888888888
1 0.39296875 0.42916666666666664 0.0390625 0.075
2 0.446875 0.40555555555555556 0.0296875 0.06666666666666667
3 0.479296875 0.3451388888888889 0.04140625 0.07083333333333333
4 0.551953125 0.3368055555555556 0.03359375 0.08194444444444444
5 0.588671875 0.3819444444444444 0.03515625 0.08055555555555556
6 0.64609375 0.42916666666666664 0.040625 0.07777777777777778
7 0.51015625 0.5784722222222223 0.096875 0.10138888888888889
8 0.511328125 0.4395833333333333 0.08671875 0.23472222222222222
9 0.4890625 0.6965277777777777 0.0375 0.08194444444444444
10 0.48046875 0.8534722222222222 0.040625 0.10138888888888889
11 0.531640625 0.6972222222222222 0.03828125 0.09444444444444444
12 0.525390625 0.8555555555555555 0.04453125 0.09444444444444444
