0 0.53515625 0.29097222222222224 0.046875 0.12361111111111112
1 0.440625 0.47708333333333336 0.0375 0.07083333333333333
2 0.469140625 0.41597222222222224 0.03359375 0.07083333333333333
3 0.494921875 0.3680555555555556 0.03984375 0.06944444444444445
4 0.564453125 0.375 0.02734375 0.08055555555555556
5 0.59765625 0.44166666666666665 0.0296875 0.075
6 0.622265625 0.35138888888888886 0.03203125 0.08611111111111111
7 0.523828125 0.6020833333333333 0.08671875 0.09861111111111111
8 0.523828125 0.4618055555555556 0.07421875 0.23472222222222222
9 0.494921875 0.7048611111111112 0.03515625 0.08194444444444444
10 0.487109375 0.8229166666666666 0.03359375 0.10972222222222222
11 0.534765625 0.7118055555555556 0.03984375 0.07916666666666666
12 0.5203125 0.8604166666666667 0.0453125 0.10694444444444444
