0 0.58515625 0.33125 0.05625 0.11527777777777778
1 0.5078125 0.3194444444444444 0.0328125 0.07222222222222222
2 0.4796875 0.3597222222222222 0.0328125 0.07222222222222222
3 0.532421875 0.3597222222222222 0.03671875 0.075
4 0.59609375 0.43125 0.0296875 0.08472222222222223
5 0.59921875 0.5326388888888889 0.034375 0.06805555555555555
6 0.637109375 0.49583333333333335 0.04609375 0.06388888888888888
7 0.510546875 0.56875 0.10703125 0.13472222222222222
8 0.5421875 0.48055555555555557 0.078125 0.25
9 0.46640625 0.6506944444444445 0.05 0.06527777777777778
10 0.439453125 0.8020833333333334 0.05234375 0.10972222222222222
11 0.530078125 0.7159722222222222 0.04765625 0.07916666666666666
12 0.5171875 0.8631944444444445 0.0515625 0.10138888888888889
