0 0.519921875 0.26319444444444445 0.05390625 0.11805555555555555
1 0.3921875 0.39861111111111114 0.03125 0.07222222222222222
2 0.4484375 0.42291666666666666 0.03125 0.05416666666666667
3 0.488671875 0.34791666666666665 0.03203125 0.0625
4 0.555859375 0.34444444444444444 0.03671875 0.07222222222222222
5 0.571484375 0.4340277777777778 0.03359375 0.04583333333333333
6 0.592578125 0.5430555555555555 0.04296875 0.06388888888888888
7 0.507421875 0.5715277777777777 0.08984375 0.09583333333333334
8 0.5125 0.4409722222222222 0.0765625 0.2263888888888889
9 0.4765625 0.6847222222222222 0.0359375 0.08333333333333333
10 0.475 0.8506944444444444 0.0640625 0.09027777777777778
11 0.53359375 0.6930555555555555 0.040625 0.08055555555555556
12 0.54765625 0.8534722222222222 0.0453125 0.09583333333333334
