0 0.5234375 0.2625 0.053125 0.11944444444444445
1 0.40625 0.4951388888888889 0.0484375 0.0763888888888889
2 0.45546875 0.4423611111111111 0.034375 0.07361111111111111
3 0.480078125 0.33055555555555555 0.03984375 0.08055555555555556
4 0.558984375 0.35625 0.03046875 0.08194444444444444
5 0.59921875 0.3923611111111111 0.0359375 0.07361111111111111
6 0.64921875 0.4215277777777778 0.0390625 0.0875
7 0.522265625 0.5694444444444444 0.08515625 0.10833333333333334
8 0.512890625 0.42777777777777776 0.08203125 0.22777777777777777
9 0.493359375 0.6902777777777778 0.04453125 0.07777777777777778
10 0.497265625 0.8506944444444444 0.04453125 0.09861111111111111
11 0.54140625 0.6826388888888889 0.0359375 0.08472222222222223
12 0.544140625 0.8451388888888889 0.05703125 0.09861111111111111
