0 0.52734375 0.2652777777777778 0.053125 0.125
1 0.441015625 0.5652777777777778 0.03046875 0.06388888888888888
2 0.472265625 0.4673611111111111 0.02578125 0.07916666666666666
3 0.496484375 0.36944444444444446 0.03046875 0.06666666666666667
4 0.568359375 0.3506944444444444 0.03828125 0.07361111111111111
5 0.576171875 0.4666666666666667 0.02734375 0.07222222222222222
6 0.568359375 0.56875 0.03515625 0.07083333333333333
7 0.521875 0.5666666666666667 0.0828125 0.09722222222222222
8 0.525390625 0.4395833333333333 0.06796875 0.2263888888888889
9 0.488671875 0.7097222222222223 0.03671875 0.075
10 0.492578125 0.8493055555555555 0.04921875 0.09027777777777778
11 0.545703125 0.7118055555555556 0.04140625 0.0875
12 0.5484375 0.8520833333333333 0.04375 0.08472222222222223
