0 0.53203125 0.26666666666666666 0.0515625 0.11666666666666667
1 0.384375 0.42083333333333334 0.0359375 0.06111111111111111
2 0.4484375 0.40625 0.0359375 0.06805555555555555
3 0.494140625 0.35555555555555557 0.03359375 0.07222222222222222
4 0.562890625 0.3451388888888889 0.03984375 0.06805555555555555
5 0.585546875 0.4097222222222222 0.03359375 0.06111111111111111
6 0.627734375 0.43472222222222223 0.04140625 0.08333333333333333
7 0.511328125 0.5694444444444444 0.09453125 0.1
8 0.51796875 0.44166666666666665 0.06875 0.225
9 0.4796875 0.6972222222222222 0.0390625 0.07222222222222222
10 0.475390625 0.85 0.06171875 0.08611111111111111
11 0.535546875 0.6979166666666666 0.03828125 0.08472222222222223
12 0.548828125 0.8541666666666666 0.06328125 0.09166666666666666
