0 0.541015625 0.2875 0.05390625 0.125
1 0.42421875 0.49583333333333335 0.0453125 0.09444444444444444
2 0.46953125 0.4326388888888889 0.0359375 0.08472222222222223
3 0.504296875 0.3701388888888889 0.03984375 0.07083333333333333
5 0.608984375 0.4222222222222222 0.03359375 0.06111111111111111
6 0.58046875 0.36736111111111114 0.0421875 0.07361111111111111
7 0.52265625 0.5729166666666666 0.0953125 0.12361111111111112
8 0.530859375 0.4638888888888889 0.06953125 0.24444444444444444
9 0.484375 0.6826388888888889 0.0421875 0.0875
10 0.464453125 0.8527777777777777 0.05390625 0.10555555555555556
11 0.533984375 0.725 0.04453125 0.08611111111111111
12 0.519921875 0.8722222222222222 0.04921875 0.08611111111111111
