0 0.553515625 0.3770833333333333 0.04453125 0.10138888888888889
1 0.546484375 0.3159722222222222 0.02421875 0.05416666666666667
2 0.511328125 0.34930555555555554 0.02734375 0.04027777777777778
3 0.527734375 0.4125 0.03359375 0.06944444444444445
4 0.583984375 0.44375 0.03203125 0.06805555555555555
5 0.591796875 0.5513888888888889 0.02578125 0.03888888888888889
6 0.59453125 0.6333333333333333 0.021875 0.03333333333333333
7 0.55703125 0.5986111111111111 0.075 0.05277777777777778
8 0.55390625 0.50625 0.0421875 0.10972222222222222
9 0.569140625 0.7402777777777778 0.04296875 0.03333333333333333
10 0.587890625 0.7909722222222222 0.02421875 0.043055555555555555
12 0.559375 0.8465277777777778 0.0359375 0.043055555555555555
