0 0.533203125 0.35694444444444445 0.05703125 0.13055555555555556
1 0.484765625 0.4791666666666667 0.01640625 0.06388888888888888
2 0.498046875 0.5361111111111111 0.03359375 0.05555555555555555
3 0.5078125 0.4375 0.0359375 0.05
4 0.568359375 0.4444444444444444 0.03671875 0.06388888888888888
5 0.5671875 0.5298611111111111 0.0265625 0.043055555555555555
6 0.5734375 0.5895833333333333 0.025 0.0375
7 0.53125 0.6277777777777778 0.0953125 0.06388888888888888
8 0.532421875 0.5076388888888889 0.06796875 0.15416666666666667
9 0.4921875 0.7256944444444444 0.0390625 0.0625
10 0.47265625 0.8423611111111111 0.0359375 0.043055555555555555
11 0.58359375 0.7152777777777778 0.0484375 0.058333333333333334
12 0.5609375 0.8444444444444444 0.040625 0.04722222222222222
