0 0.433984375 0.38055555555555554 0.06328125 0.10833333333333334
1 0.40703125 0.6104166666666667 0.01875 0.02361111111111111
3 0.4265625 0.4465277777777778 0.0234375 0.04861111111111111
4 0.466015625 0.43333333333333335 0.02890625 0.05
5 0.4390625 0.5243055555555556 0.0234375 0.04861111111111111
6 0.398828125 0.5409722222222222 0.02890625 0.04027777777777778
7 0.45234375 0.6298611111111111 0.071875 0.05138888888888889
8 0.449609375 0.5243055555555556 0.05390625 0.14583333333333334
9 0.4171875 0.7409722222222223 0.0328125 0.05138888888888889
10 0.4140625 0.8513888888888889 0.034375 0.03611111111111111
11 0.473046875 0.725 0.03515625 0.044444444444444446
12 0.511328125 0.8347222222222223 0.03984375 0.04722222222222222
