0 0.5125 0.33055555555555555 0.0484375 0.11666666666666667
1 0.506640625 0.5041666666666667 0.02734375 0.05
2 0.4703125 0.5020833333333333 0.0328125 0.059722222222222225
3 0.4890625 0.41388888888888886 0.0453125 0.06388888888888888
4 0.544921875 0.40625 0.03203125 0.05694444444444444
5 0.575 0.48055555555555557 0.03125 0.06111111111111111
6 0.537890625 0.44583333333333336 0.02890625 0.05277777777777778
7 0.526171875 0.6166666666666667 0.09453125 0.06388888888888888
8 0.520703125 0.4930555555555556 0.07578125 0.16944444444444445
9 0.48671875 0.7229166666666667 0.0359375 0.05694444444444444
10 0.4765625 0.8291666666666667 0.034375 0.04722222222222222
11 0.55078125 0.7215277777777778 0.034375 0.04583333333333333
12 0.56640625 0.8361111111111111 0.0359375 0.05
