0 0.435546875 0.38958333333333334 0.05859375 0.10694444444444444
1 0.39140625 0.6243055555555556 0.0328125 0.03194444444444444
2 0.43203125 0.5840277777777778 0.0234375 0.04027777777777778
4 0.46015625 0.4263888888888889 0.034375 0.03611111111111111
5 0.456640625 0.47152777777777777 0.03203125 0.04027777777777778
6 0.42109375 0.4930555555555556 0.034375 0.030555555555555555
7 0.46171875 0.6284722222222222 0.078125 0.04027777777777778
8 0.449609375 0.5430555555555555 0.01796875 0.12222222222222222
9 0.41640625 0.7444444444444445 0.0328125 0.03888888888888889
10 0.414453125 0.8576388888888888 0.02890625 0.0375
11 0.451171875 0.7368055555555556 0.03046875 0.059722222222222225
12 0.500390625 0.8256944444444444 0.03203125 0.05416666666666667
