0 0.694921875 0.34444444444444444 0.05390625 0.12777777777777777
1 0.62265625 0.4548611111111111 0.0203125 0.04583333333333333
2 0.637890625 0.4895833333333333 0.01796875 0.04861111111111111
3 0.65859375 0.4305555555555556 0.028125 0.05555555555555555
4 0.7140625 0.4215277777777778 0.0265625 0.043055555555555555
5 0.74609375 0.49375 0.025 0.06805555555555555
6 0.7859375 0.53125 0.021875 0.05416666666666667
7 0.719140625 0.6194444444444445 0.10546875 0.05277777777777778
8 0.70078125 0.5097222222222222 0.0859375 0.15
9 0.68828125 0.7243055555555555 0.0328125 0.05416666666666667
10 0.671875 0.8305555555555556 0.0328125 0.03888888888888889
11 0.77421875 0.6951388888888889 0.0390625 0.05416666666666667
12 0.776171875 0.8076388888888889 0.03515625 0.05694444444444444
