0 0.65234375 0.33402777777777776 0.053125 0.12083333333333333
1 0.640234375 0.54375 0.02265625 0.020833333333333332
3 0.616015625 0.44722222222222224 0.01484375 0.09444444444444444
4 0.680859375 0.40555555555555556 0.05703125 0.09722222222222222
5 0.710546875 0.46944444444444444 0.03359375 0.06111111111111111
6 0.72421875 0.5361111111111111 0.0375 0.03888888888888889
7 0.67109375 0.5986111111111111 0.1046875 0.06388888888888888
8 0.662890625 0.48819444444444443 0.07109375 0.14027777777777778
9 0.653515625 0.7020833333333333 0.03203125 0.05694444444444444
10 0.665625 0.8131944444444444 0.0359375 0.04861111111111111
11 0.69921875 0.7243055555555555 0.040625 0.05138888888888889
12 0.70234375 0.8243055555555555 0.0390625 0.04861111111111111
