0 0.628515625 0.375 0.04609375 0.09166666666666666
1 0.611328125 0.6402777777777777 0.02734375 0.03611111111111111
2 0.61328125 0.5736111111111111 0.0265625 0.044444444444444446
3 0.6125 0.4777777777777778 0.025 0.05277777777777778
4 0.66796875 0.4236111111111111 0.0328125 0.06666666666666667
5 0.7171875 0.4527777777777778 0.0328125 0.044444444444444446
6 0.71328125 0.5194444444444445 0.0265625 0.044444444444444446
7 0.655859375 0.6256944444444444 0.09296875 0.04861111111111111
8 0.648828125 0.525 0.06015625 0.14166666666666666
9 0.640625 0.7076388888888889 0.0359375 0.04583333333333333
10 0.633203125 0.8173611111111111 0.03515625 0.0625
11 0.669140625 0.7256944444444444 0.04140625 0.04583333333333333
