0 0.574609375 0.4847222222222222 0.03984375 0.09444444444444444
1 0.56796875 0.6777777777777778 0.025 0.05555555555555555
2 0.56171875 0.6368055555555555 0.028125 0.03194444444444444
3 0.56015625 0.5548611111111111 0.0296875 0.043055555555555555
4 0.601953125 0.5409722222222222 0.03671875 0.059722222222222225
7 0.59453125 0.6909722222222222 0.034375 0.0375
8 0.58515625 0.6111111111111112 0.03125 0.1111111111111111
9 0.56875 0.7465277777777778 0.0296875 0.034722222222222224
10 0.570703125 0.8152777777777778 0.03203125 0.03333333333333333
11 0.590625 0.7680555555555556 0.0234375 0.027777777777777776
