0 0.5671875 0.5305555555555556 0.0328125 0.08055555555555556
1 0.49765625 0.6173611111111111 0.015625 0.03194444444444444
2 0.5140625 0.6048611111111111 0.015625 0.03194444444444444
3 0.537890625 0.5805555555555556 0.02578125 0.041666666666666664
4 0.59140625 0.5659722222222222 0.0171875 0.05138888888888889
5 0.614453125 0.5708333333333333 0.02109375 0.03611111111111111
6 0.6140625 0.6284722222222222 0.01875 0.0375
7 0.564453125 0.7048611111111112 0.06796875 0.034722222222222224
8 0.566796875 0.625 0.04765625 0.11388888888888889
9 0.5359375 0.7729166666666667 0.025 0.03194444444444444
10 0.530859375 0.8506944444444444 0.02421875 0.034722222222222224
11 0.59921875 0.7701388888888889 0.0265625 0.043055555555555555
12 0.598046875 0.8576388888888888 0.02109375 0.0375
