0 0.6265625 0.4388888888888889 0.0484375 0.10555555555555556
1 0.6328125 0.55 0.0296875 0.041666666666666664
2 0.6015625 0.5673611111111111 0.0234375 0.04583333333333333
3 0.61015625 0.49444444444444446 0.0265625 0.044444444444444446
7 0.62890625 0.6722222222222223 0.0890625 0.06388888888888888
8 0.62734375 0.5680555555555555 0.0359375 0.12222222222222222
9 0.636328125 0.7569444444444444 0.03671875 0.05
10 0.615234375 0.8319444444444445 0.03046875 0.04722222222222222
11 0.6921875 0.7319444444444444 0.0328125 0.058333333333333334
12 0.71484375 0.8430555555555556 0.0328125 0.05
