12 0.766796875 0.84375 0.04765625 0.06527777777777778
11 0.756640625 0.7194444444444444 0.04140625 0.05555555555555555
10 0.672265625 0.8291666666666667 0.03671875 0.05555555555555555
9 0.693359375 0.7201388888888889 0.04296875 0.06805555555555555
8 0.703125 0.48680555555555555 0.0765625 0.13194444444444445
7 0.71953125 0.6118055555555556 0.1 0.07083333333333333
6 0.77109375 0.5479166666666667 0.0234375 0.04861111111111111
5 0.741796875 0.475 0.02421875 0.07222222222222222
4 0.72265625 0.39652777777777776 0.028125 0.06805555555555555
3 0.665625 0.4201388888888889 0.0421875 0.059722222222222225
2 0.633203125 0.4673611111111111 0.02265625 0.059722222222222225
1 0.595703125 0.4263888888888889 0.02578125 0.06388888888888888
0 0.691796875 0.33819444444444446 0.05703125 0.12638888888888888
