0 0.636328125 0.34375 0.04921875 0.1125
1 0.52265625 0.45555555555555555 0.0203125 0.04722222222222222
2 0.55 0.43194444444444446 0.0234375 0.05
3 0.594921875 0.40208333333333335 0.04921875 0.07361111111111111
4 0.6484375 0.4263888888888889 0.034375 0.07777777777777778
5 0.684375 0.5027777777777778 0.0328125 0.06388888888888888
6 0.69453125 0.5819444444444445 0.0296875 0.030555555555555555
7 0.61328125 0.6152777777777778 0.0828125 0.075
8 0.619921875 0.48194444444444445 0.07265625 0.16944444444444445
9 0.625390625 0.6986111111111111 0.03984375 0.06111111111111111
10 0.6546875 0.8152777777777778 0.0296875 0.08055555555555556
12 0.610546875 0.8388888888888889 0.03828125 0.06388888888888888
