0 0.503125 0.36180555555555555 0.059375 0.12083333333333333
1 0.523046875 0.5076388888888889 0.01953125 0.05694444444444444
2 0.4734375 0.47708333333333336 0.028125 0.059722222222222225
3 0.46796875 0.4375 0.0359375 0.06388888888888888
4 0.521484375 0.43472222222222223 0.03046875 0.05
5 0.546484375 0.5090277777777777 0.03046875 0.04027777777777778
6 0.53828125 0.4791666666666667 0.0328125 0.05
7 0.5125 0.6229166666666667 0.0984375 0.07916666666666666
8 0.49921875 0.4965277777777778 0.0828125 0.16805555555555557
9 0.486328125 0.7229166666666667 0.03984375 0.0625
10 0.475390625 0.8354166666666667 0.03984375 0.05694444444444444
11 0.554296875 0.6986111111111111 0.04140625 0.06111111111111111
12 0.559765625 0.8277777777777777 0.04765625 0.05555555555555555
