12 0.624609375 0.7944444444444444 0.04140625 0.1
11 0.689453125 0.7083333333333334 0.03203125 0.06944444444444445
10 0.672265625 0.8347222222222223 0.04140625 0.08611111111111111
9 0.66015625 0.7152777777777778 0.046875 0.06666666666666667
8 0.640234375 0.475 0.06328125 0.17222222222222222
7 0.648046875 0.6076388888888888 0.08671875 0.05694444444444444
6 0.7078125 0.5722222222222222 0.021875 0.05
5 0.688671875 0.5118055555555555 0.02421875 0.05416666666666667
4 0.67265625 0.4270833333333333 0.0375 0.07361111111111111
3 0.61328125 0.39305555555555555 0.040625 0.058333333333333334
2 0.577734375 0.44583333333333336 0.02578125 0.06111111111111111
1 0.544140625 0.44027777777777777 0.01953125 0.05
0 0.646875 0.3368055555555556 0.053125 0.12083333333333333
