0 0.633203125 0.39444444444444443 0.04296875 0.09722222222222222
1 0.61015625 0.6375 0.0171875 0.030555555555555555
2 0.60703125 0.5743055555555555 0.025 0.043055555555555555
3 0.61015625 0.4840277777777778 0.03125 0.05416666666666667
4 0.653125 0.44583333333333336 0.034375 0.05277777777777778
5 0.706640625 0.4722222222222222 0.02421875 0.058333333333333334
6 0.71875 0.5180555555555556 0.025 0.041666666666666664
7 0.64609375 0.6284722222222222 0.075 0.04861111111111111
8 0.6421875 0.5333333333333333 0.0609375 0.1111111111111111
9 0.63203125 0.7354166666666667 0.03125 0.05138888888888889
10 0.616015625 0.8104166666666667 0.02890625 0.043055555555555555
11 0.659765625 0.7430555555555556 0.03203125 0.04722222222222222
12 0.65234375 0.8340277777777778 0.0390625 0.03194444444444444
