0 0.530859375 0.3680555555555556 0.06015625 0.13333333333333333
1 0.54453125 0.5340277777777778 0.028125 0.0625
2 0.505859375 0.5027777777777778 0.03515625 0.05
3 0.495703125 0.45069444444444445 0.04453125 0.06527777777777778
6 0.55234375 0.48125 0.0328125 0.06805555555555555
7 0.520703125 0.6326388888888889 0.09453125 0.07361111111111111
8 0.51875 0.5090277777777777 0.071875 0.16527777777777777
9 0.491796875 0.7354166666666667 0.03984375 0.06527777777777778
10 0.47578125 0.8361111111111111 0.0359375 0.08055555555555556
11 0.574609375 0.7152777777777778 0.04609375 0.08055555555555556
12 0.57265625 0.8326388888888889 0.0453125 0.06527777777777778
