0 0.550390625 0.525 0.03515625 0.08333333333333333
1 0.533984375 0.7118055555555556 0.01484375 0.034722222222222224
3 0.544140625 0.5965277777777778 0.02734375 0.04027777777777778
4 0.579296875 0.5736111111111111 0.02890625 0.03888888888888889
5 0.57421875 0.6402777777777777 0.025 0.044444444444444446
6 0.551171875 0.6736111111111112 0.01640625 0.03611111111111111
7 0.57109375 0.7125 0.0625 0.05277777777777778
8 0.556640625 0.6104166666666667 0.03203125 0.0625
9 0.538671875 0.7756944444444445 0.03046875 0.04861111111111111
10 0.53515625 0.8520833333333333 0.03125 0.0375
11 0.6046875 0.7708333333333334 0.028125 0.058333333333333334
12 0.602734375 0.8583333333333333 0.02578125 0.03611111111111111
