12 0.564453125 0.8361111111111111 0.03984375 0.05555555555555555
11 0.584765625 0.7118055555555556 0.03984375 0.059722222222222225
10 0.47578125 0.8375 0.04375 0.05
9 0.494140625 0.7305555555555555 0.04296875 0.07222222222222222
8 0.53046875 0.4986111111111111 0.0609375 0.16944444444444445
7 0.531640625 0.6298611111111111 0.08984375 0.06527777777777778
6 0.551953125 0.5590277777777778 0.02265625 0.029166666666666667
5 0.567578125 0.54375 0.02734375 0.04583333333333333
4 0.56015625 0.44722222222222224 0.0265625 0.044444444444444446
3 0.511328125 0.42986111111111114 0.03515625 0.059722222222222225
2 0.475390625 0.4861111111111111 0.03515625 0.04722222222222222
1 0.503125 0.50625 0.0203125 0.05416666666666667
0 0.541015625 0.3625 0.05703125 0.14166666666666666
