0 0.68125 0.3888888888888889 0.0546875 0.1111111111111111
1 0.73359375 0.45208333333333334 0.0234375 0.04861111111111111
2 0.69296875 0.4777777777777778 0.025 0.05
3 0.65703125 0.44166666666666665 0.0328125 0.05555555555555555
7 0.678125 0.6256944444444444 0.0765625 0.06527777777777778
8 0.673046875 0.5409722222222222 0.04140625 0.10416666666666667
9 0.713671875 0.7333333333333333 0.04140625 0.058333333333333334
10 0.683203125 0.8229166666666666 0.03671875 0.05694444444444444
11 0.75234375 0.6986111111111111 0.03125 0.05277777777777778
12 0.789453125 0.8319444444444445 0.04296875 0.06388888888888888
