0 0.66171875 0.3888888888888889 0.0625 0.12777777777777777
1 0.693359375 0.4930555555555556 0.02421875 0.041666666666666664
2 0.683984375 0.5472222222222223 0.03515625 0.06111111111111111
3 0.662890625 0.48125 0.04609375 0.05694444444444444
4 0.71484375 0.40902777777777777 0.0421875 0.05138888888888889
5 0.743359375 0.5138888888888888 0.02109375 0.06111111111111111
7 0.733203125 0.6368055555555555 0.09921875 0.05138888888888889
8 0.70625 0.5347222222222222 0.0828125 0.1361111111111111
9 0.703515625 0.7208333333333333 0.03984375 0.06666666666666667
10 0.68203125 0.8368055555555556 0.0390625 0.06527777777777778
11 0.77890625 0.7173611111111111 0.0421875 0.05138888888888889
12 0.75546875 0.8354166666666667 0.0484375 0.034722222222222224
