0 0.696875 0.38958333333333334 0.0640625 0.12638888888888888
1 0.751953125 0.5402777777777777 0.02109375 0.03888888888888889
2 0.708984375 0.5673611111111111 0.02890625 0.05694444444444444
3 0.672265625 0.4791666666666667 0.04453125 0.05
4 0.724609375 0.4597222222222222 0.03203125 0.05
6 0.763671875 0.5972222222222222 0.03359375 0.04722222222222222
7 0.71640625 0.6506944444444445 0.0890625 0.03194444444444444
8 0.7078125 0.5479166666666667 0.065625 0.14027777777777778
9 0.739453125 0.7631944444444444 0.05234375 0.07361111111111111
10 0.679296875 0.8222222222222222 0.03515625 0.06111111111111111
11 0.791015625 0.7069444444444445 0.04140625 0.058333333333333334
12 0.805859375 0.8368055555555556 0.03828125 0.0625
