0 0.76015625 0.40694444444444444 0.0515625 0.12777777777777777
1 0.680859375 0.5993055555555555 0.02890625 0.03194444444444444
2 0.67265625 0.5222222222222223 0.0375 0.05277777777777778
3 0.723828125 0.4875 0.04296875 0.058333333333333334
4 0.784375 0.4638888888888889 0.028125 0.04722222222222222
5 0.8 0.5055555555555555 0.0328125 0.041666666666666664
6 0.793359375 0.5895833333333333 0.02578125 0.0375
7 0.73046875 0.6534722222222222 0.115625 0.07361111111111111
8 0.739453125 0.5458333333333333 0.07109375 0.12777777777777777
9 0.680078125 0.7597222222222222 0.03515625 0.05555555555555555
10 0.673046875 0.8409722222222222 0.03359375 0.04583333333333333
11 0.790625 0.71875 0.0359375 0.05138888888888889
12 0.794921875 0.8256944444444444 0.04296875 0.0375
