0 0.43671875 0.3840277777777778 0.0515625 0.11805555555555555
1 0.41484375 0.5916666666666667 0.025 0.041666666666666664
2 0.413671875 0.5340277777777778 0.02734375 0.0375
3 0.41796875 0.4479166666666667 0.0328125 0.04583333333333333
4 0.4625 0.4361111111111111 0.0296875 0.05277777777777778
5 0.481640625 0.525 0.02421875 0.041666666666666664
6 0.49609375 0.5173611111111112 0.0234375 0.04583333333333333
7 0.461328125 0.6201388888888889 0.07109375 0.029166666666666667
8 0.45078125 0.5256944444444445 0.0609375 0.15138888888888888
9 0.411328125 0.7395833333333334 0.03671875 0.043055555555555555
10 0.414453125 0.8555555555555555 0.03359375 0.03611111111111111
11 0.487890625 0.7222222222222222 0.03203125 0.05555555555555555
12 0.516015625 0.8305555555555556 0.04296875 0.05
