0 0.75546875 0.41180555555555554 0.0484375 0.13472222222222222
1 0.6734375 0.6069444444444444 0.0296875 0.03333333333333333
2 0.66875 0.53125 0.0296875 0.05694444444444444
3 0.7171875 0.5048611111111111 0.046875 0.07083333333333333
4 0.775390625 0.4708333333333333 0.03203125 0.05277777777777778
5 0.82734375 0.49375 0.028125 0.05694444444444444
6 0.852734375 0.5708333333333333 0.03046875 0.03888888888888889
7 0.72890625 0.6680555555555555 0.103125 0.06388888888888888
8 0.73984375 0.5604166666666667 0.071875 0.12916666666666668
9 0.6734375 0.7388888888888889 0.0390625 0.058333333333333334
10 0.674609375 0.8444444444444444 0.03046875 0.041666666666666664
11 0.778125 0.7361111111111112 0.04375 0.07222222222222222
12 0.805078125 0.8229166666666666 0.04453125 0.059722222222222225
