0 0.651171875 0.43472222222222223 0.06328125 0.11388888888888889
1 0.69296875 0.5395833333333333 0.0234375 0.0375
2 0.673046875 0.6006944444444444 0.03359375 0.04583333333333333
3 0.65703125 0.5236111111111111 0.046875 0.04722222222222222
4 0.705859375 0.4576388888888889 0.05078125 0.04861111111111111
5 0.751953125 0.5333333333333333 0.02890625 0.06666666666666667
6 0.772265625 0.59375 0.02890625 0.034722222222222224
7 0.719140625 0.6590277777777778 0.09921875 0.0625
8 0.700390625 0.5666666666666667 0.08515625 0.1
9 0.6703125 0.7395833333333334 0.0390625 0.05416666666666667
10 0.67734375 0.8444444444444444 0.0421875 0.04722222222222222
11 0.776171875 0.6909722222222222 0.03515625 0.05138888888888889
12 0.7765625 0.8041666666666667 0.0375 0.058333333333333334
