0 0.671484375 0.41805555555555557 0.04765625 0.09444444444444444
1 0.661328125 0.3715277777777778 0.03203125 0.05694444444444444
2 0.6125 0.37430555555555556 0.0296875 0.0625
3 0.614453125 0.4340277777777778 0.04609375 0.04027777777777778
4 0.6625 0.4576388888888889 0.021875 0.04861111111111111
5 0.665234375 0.5722222222222222 0.03046875 0.04722222222222222
7 0.6421875 0.6159722222222223 0.096875 0.0375
8 0.64140625 0.5 0.04375 0.14444444444444443
9 0.68984375 0.7055555555555556 0.0421875 0.07222222222222222
10 0.68046875 0.81875 0.0390625 0.0375
11 0.7234375 0.6256944444444444 0.0421875 0.07916666666666666
