0 0.478125 0.38472222222222224 0.0484375 0.11944444444444445
1 0.471484375 0.5020833333333333 0.02578125 0.04027777777777778
2 0.4578125 0.5465277777777777 0.034375 0.04861111111111111
3 0.450390625 0.4673611111111111 0.03203125 0.04861111111111111
4 0.503515625 0.4395833333333333 0.03046875 0.04861111111111111
5 0.54609375 0.48194444444444445 0.0296875 0.05555555555555555
6 0.5515625 0.5666666666666667 0.0203125 0.03888888888888889
7 0.4703125 0.6145833333333334 0.08125 0.0625
8 0.478125 0.5083333333333333 0.053125 0.11666666666666667
9 0.4234375 0.7 0.0296875 0.05277777777777778
10 0.408203125 0.8111111111111111 0.03671875 0.05555555555555555
11 0.482421875 0.7270833333333333 0.03515625 0.04861111111111111
12 0.465234375 0.8423611111111111 0.03671875 0.04583333333333333
