0 0.694921875 0.3416666666666667 0.05390625 0.11944444444444445
1 0.705859375 0.45208333333333334 0.01796875 0.04027777777777778
2 0.6953125 0.5111111111111111 0.0328125 0.06944444444444445
3 0.66953125 0.44166666666666665 0.0375 0.058333333333333334
6 0.74453125 0.5763888888888888 0.0203125 0.044444444444444446
7 0.70390625 0.6180555555555556 0.1 0.058333333333333334
9 0.675390625 0.7236111111111111 0.03515625 0.06111111111111111
10 0.678515625 0.8472222222222222 0.03828125 0.044444444444444446
11 0.74921875 0.71875 0.040625 0.0625
12 0.74765625 0.8375 0.05 0.05277777777777778
