0 0.632421875 0.41597222222222224 0.03984375 0.09305555555555556
1 0.603515625 0.6444444444444445 0.01953125 0.022222222222222223
2 0.601953125 0.5930555555555556 0.02265625 0.03333333333333333
3 0.60546875 0.49722222222222223 0.0359375 0.06111111111111111
4 0.65859375 0.4777777777777778 0.0296875 0.06111111111111111
5 0.690234375 0.5125 0.02265625 0.05555555555555555
6 0.71328125 0.5041666666666667 0.0171875 0.03333333333333333
7 0.64609375 0.6465277777777778 0.0625 0.043055555555555555
8 0.640234375 0.5479166666666667 0.05703125 0.12916666666666668
9 0.6140625 0.7520833333333333 0.0390625 0.034722222222222224
10 0.617578125 0.8159722222222222 0.02734375 0.029166666666666667
11 0.65625 0.7506944444444444 0.0265625 0.043055555555555555
12 0.6484375 0.8368055555555556 0.0359375 0.05138888888888889
