0 0.698828125 0.3416666666666667 0.06015625 0.11944444444444445
1 0.632421875 0.5194444444444445 0.02109375 0.05555555555555555
2 0.65546875 0.5118055555555555 0.021875 0.059722222222222225
3 0.674609375 0.4305555555555556 0.03828125 0.058333333333333334
4 0.729296875 0.4201388888888889 0.03203125 0.05416666666666667
5 0.7453125 0.5243055555555556 0.021875 0.04583333333333333
6 0.765234375 0.5944444444444444 0.02109375 0.041666666666666664
7 0.726953125 0.6284722222222222 0.10390625 0.04861111111111111
8 0.708203125 0.5118055555555555 0.08359375 0.15694444444444444
9 0.697265625 0.725 0.03515625 0.06944444444444445
10 0.672265625 0.83125 0.02890625 0.0625
11 0.77421875 0.7138888888888889 0.0375 0.06666666666666667
12 0.76484375 0.8333333333333334 0.0328125 0.058333333333333334
