0 0.657421875 0.3388888888888889 0.05234375 0.11666666666666667
9 0.671484375 0.7243055555555555 0.03984375 0.059722222222222225
10 0.6671875 0.8388888888888889 0.040625 0.05
11 0.7328125 0.6548611111111111 0.046875 0.06527777777777778
12 0.70859375 0.7694444444444445 0.05625 0.06388888888888888
8 0.66171875 0.4875 0.071875 0.14722222222222223
7 0.666796875 0.6125 0.08203125 0.07222222222222222
6 0.714453125 0.5805555555555556 0.02890625 0.05
4 0.691015625 0.4326388888888889 0.02890625 0.05416666666666667
3 0.63125 0.425 0.040625 0.058333333333333334
2 0.59375 0.45902777777777776 0.0203125 0.06527777777777778
1 0.559375 0.42986111111111114 0.01875 0.05694444444444444
