0 0.621875 0.35694444444444445 0.0609375 0.11388888888888889
12 0.6109375 0.8506944444444444 0.040625 0.10138888888888889
11 0.59765625 0.7159722222222222 0.0359375 0.06805555555555555
10 0.563671875 0.7902777777777777 0.04765625 0.06944444444444445
9 0.569921875 0.6708333333333333 0.03984375 0.06666666666666667
8 0.590625 0.4840277777777778 0.0625 0.1625
7 0.58671875 0.6076388888888888 0.078125 0.07916666666666666
6 0.644921875 0.5777777777777777 0.02265625 0.04722222222222222
5 0.646484375 0.49930555555555556 0.03203125 0.05694444444444444
4 0.630859375 0.4326388888888889 0.03203125 0.05416666666666667
3 0.55703125 0.41388888888888886 0.0328125 0.05277777777777778
2 0.516796875 0.4263888888888889 0.02578125 0.041666666666666664
1 0.497265625 0.44583333333333336 0.02109375 0.03611111111111111
