0 0.5109375 0.3229166666666667 0.053125 0.10694444444444444
1 0.4734375 0.4861111111111111 0.0203125 0.041666666666666664
2 0.46015625 0.5097222222222222 0.0234375 0.05277777777777778
3 0.491015625 0.4222222222222222 0.04296875 0.06388888888888888
4 0.54375 0.40694444444444444 0.0359375 0.06111111111111111
5 0.548046875 0.5006944444444444 0.02890625 0.0625
6 0.505859375 0.5347222222222222 0.02578125 0.041666666666666664
7 0.5171875 0.6125 0.0890625 0.058333333333333334
8 0.517578125 0.49375 0.06171875 0.15694444444444444
9 0.480078125 0.70625 0.03515625 0.05138888888888889
10 0.488671875 0.8284722222222223 0.03359375 0.04027777777777778
11 0.530078125 0.7083333333333334 0.04453125 0.05555555555555555
12 0.521875 0.8263888888888888 0.0328125 0.05277777777777778
