0 0.51640625 0.3215277777777778 0.0578125 0.11805555555555555
1 0.516796875 0.46111111111111114 0.04609375 0.05555555555555555
2 0.4703125 0.47638888888888886 0.0359375 0.06666666666666667
3 0.478125 0.40555555555555556 0.034375 0.044444444444444446
4 0.5484375 0.41597222222222224 0.0359375 0.05694444444444444
5 0.5484375 0.5229166666666667 0.0390625 0.05694444444444444
6 0.57109375 0.6277777777777778 0.0375 0.07777777777777778
7 0.525390625 0.6020833333333333 0.09921875 0.0763888888888889
8 0.52265625 0.47152777777777777 0.1015625 0.1625
9 0.5 0.7180555555555556 0.0453125 0.06388888888888888
10 0.494921875 0.8479166666666667 0.04296875 0.043055555555555555
11 0.55234375 0.7138888888888889 0.046875 0.044444444444444446
12 0.573828125 0.84375 0.05234375 0.05138888888888889
