0 0.54921875 0.50625 0.040625 0.09305555555555556
3 0.54375 0.55625 0.0203125 0.05694444444444444
4 0.58046875 0.5333333333333333 0.034375 0.05
5 0.6125 0.5743055555555555 0.0203125 0.05416666666666667
6 0.5859375 0.6208333333333333 0.025 0.05
7 0.5703125 0.6819444444444445 0.0640625 0.041666666666666664
8 0.56015625 0.6013888888888889 0.0296875 0.09722222222222222
9 0.5453125 0.7736111111111111 0.028125 0.044444444444444446
11 0.57109375 0.7590277777777777 0.0296875 0.05416666666666667
12 0.569921875 0.8375 0.02890625 0.05277777777777778
