0 0.695703125 0.33819444444444446 0.04765625 0.11805555555555555
1 0.637109375 0.42916666666666664 0.02109375 0.04722222222222222
2 0.634765625 0.48125 0.03046875 0.04583333333333333
3 0.66640625 0.4222222222222222 0.0390625 0.07222222222222222
4 0.7234375 0.42083333333333334 0.0296875 0.06111111111111111
5 0.75625 0.49236111111111114 0.0234375 0.06805555555555555
6 0.79453125 0.5291666666666667 0.015625 0.03611111111111111
7 0.712109375 0.625 0.09453125 0.06944444444444445
8 0.700390625 0.5006944444444444 0.07890625 0.1597222222222222
9 0.6875 0.71875 0.0375 0.07361111111111111
10 0.670703125 0.825 0.03203125 0.05
11 0.7546875 0.7180555555555556 0.0484375 0.06388888888888888
12 0.76875 0.8409722222222222 0.0421875 0.04583333333333333
