0 0.680859375 0.3576388888888889 0.06484375 0.12638888888888888
1 0.69921875 0.4701388888888889 0.0265625 0.04861111111111111
2 0.693359375 0.5333333333333333 0.03515625 0.05277777777777778
3 0.67109375 0.4486111111111111 0.0328125 0.058333333333333334
4 0.7234375 0.4041666666666667 0.0359375 0.05555555555555555
6 0.7515625 0.56875 0.021875 0.034722222222222224
7 0.709765625 0.6277777777777778 0.09765625 0.06111111111111111
8 0.70703125 0.5152777777777777 0.0625 0.15
9 0.6875 0.7256944444444444 0.0375 0.0625
10 0.6765625 0.8388888888888889 0.0375 0.06111111111111111
11 0.765234375 0.7236111111111111 0.04140625 0.05277777777777778
12 0.74921875 0.8375 0.0375 0.04722222222222222
