12 0.56484375 0.8194444444444444 0.04375 0.06388888888888888
11 0.54453125 0.6909722222222222 0.0359375 0.07083333333333333
10 0.46953125 0.8381944444444445 0.05 0.05416666666666667
9 0.4703125 0.7270833333333333 0.046875 0.06527777777777778
8 0.490625 0.5013888888888889 0.0625 0.1638888888888889
7 0.489453125 0.6229166666666667 0.08984375 0.0763888888888889
6 0.533203125 0.4847222222222222 0.03046875 0.05
5 0.547265625 0.5111111111111111 0.02734375 0.05555555555555555
4 0.517578125 0.4395833333333333 0.03046875 0.05138888888888889
3 0.465234375 0.4305555555555556 0.03671875 0.044444444444444446
2 0.466796875 0.47638888888888886 0.02578125 0.06388888888888888
1 0.518359375 0.5076388888888889 0.01796875 0.0625
0 0.503125 0.3638888888888889 0.0546875 0.125
