0 0.55859375 0.5222222222222223 0.0421875 0.09166666666666666
1 0.470703125 0.5951388888888889 0.01796875 0.034722222222222224
2 0.5 0.5798611111111112 0.025 0.04861111111111111
3 0.53671875 0.5611111111111111 0.0359375 0.05555555555555555
4 0.577734375 0.5708333333333333 0.03046875 0.05277777777777778
5 0.59375 0.6381944444444444 0.025 0.05416666666666667
6 0.619140625 0.6777777777777778 0.01328125 0.03888888888888889
7 0.55703125 0.6979166666666666 0.0609375 0.0375
8 0.553125 0.61875 0.046875 0.10138888888888889
9 0.55390625 0.7715277777777778 0.028125 0.04027777777777778
10 0.56015625 0.8555555555555555 0.0203125 0.03611111111111111
11 0.584375 0.7284722222222222 0.028125 0.043055555555555555
12 0.58203125 0.8222222222222222 0.03125 0.030555555555555555
