0 0.54921875 0.525 0.0390625 0.08333333333333333
1 0.53046875 0.6944444444444444 0.0109375 0.030555555555555555
4 0.5609375 0.5784722222222223 0.025 0.04583333333333333
5 0.596484375 0.6145833333333334 0.01953125 0.04583333333333333
6 0.600390625 0.6569444444444444 0.02109375 0.030555555555555555
7 0.5671875 0.7111111111111111 0.0625 0.041666666666666664
8 0.56015625 0.6402777777777777 0.0390625 0.08888888888888889
9 0.53828125 0.7875 0.03125 0.03888888888888889
10 0.56171875 0.8555555555555555 0.0234375 0.03888888888888889
11 0.57421875 0.7784722222222222 0.0265625 0.029166666666666667
12 0.58125 0.8381944444444445 0.025 0.034722222222222224
