0 0.634765625 0.42986111111111114 0.04609375 0.10416666666666667
1 0.665625 0.48541666666666666 0.021875 0.0375
2 0.6328125 0.5145833333333333 0.0296875 0.059722222222222225
3 0.61796875 0.48819444444444443 0.03125 0.05694444444444444
7 0.640234375 0.6715277777777777 0.08515625 0.0625
8 0.64765625 0.5743055555555555 0.021875 0.10972222222222222
9 0.641796875 0.78125 0.03984375 0.05138888888888889
10 0.612109375 0.8270833333333333 0.03671875 0.043055555555555555
11 0.708203125 0.7298611111111111 0.04140625 0.05416666666666667
12 0.726171875 0.8479166666666667 0.04921875 0.05694444444444444
