0 0.5671875 0.39861111111111114 0.053125 0.1111111111111111
1 0.5453125 0.47638888888888886 0.01875 0.05277777777777778
2 0.565625 0.5048611111111111 0.01875 0.043055555555555555
4 0.606640625 0.44305555555555554 0.03984375 0.06666666666666667
5 0.649609375 0.4791666666666667 0.02265625 0.058333333333333334
6 0.66953125 0.5166666666666667 0.028125 0.03333333333333333
7 0.617578125 0.6138888888888889 0.07265625 0.06666666666666667
8 0.6078125 0.5236111111111111 0.0640625 0.10555555555555556
9 0.60625 0.725 0.040625 0.06388888888888888
10 0.621875 0.8277777777777777 0.0359375 0.041666666666666664
11 0.66328125 0.6777777777777778 0.03125 0.06388888888888888
12 0.687109375 0.7444444444444445 0.02265625 0.07777777777777778
