0 0.452734375 0.3680555555555556 0.04453125 0.10833333333333334
1 0.4484375 0.5513888888888889 0.025 0.03888888888888889
2 0.421875 0.5375 0.025 0.05277777777777778
3 0.428125 0.4409722222222222 0.0375 0.04583333333333333
4 0.47421875 0.42430555555555555 0.0328125 0.05694444444444444
5 0.5265625 0.4388888888888889 0.0265625 0.05
6 0.545703125 0.49375 0.03203125 0.034722222222222224
7 0.45234375 0.6243055555555556 0.08125 0.04583333333333333
8 0.455078125 0.5159722222222223 0.05234375 0.15138888888888888
9 0.41875 0.7270833333333333 0.0359375 0.05694444444444444
10 0.408984375 0.8298611111111112 0.03515625 0.0375
11 0.492578125 0.7166666666666667 0.04140625 0.05
12 0.481640625 0.8333333333333334 0.03828125 0.03888888888888889
