0 0.517578125 0.39444444444444443 0.04609375 0.11666666666666667
1 0.513671875 0.4895833333333333 0.02265625 0.04027777777777778
2 0.50859375 0.5659722222222222 0.034375 0.05416666666666667
3 0.4921875 0.48680555555555555 0.0328125 0.05416666666666667
4 0.54609375 0.4513888888888889 0.034375 0.05
5 0.553125 0.5173611111111112 0.01875 0.04583333333333333
6 0.5453125 0.5993055555555555 0.028125 0.0375
7 0.4984375 0.6326388888888889 0.078125 0.05416666666666667
8 0.52421875 0.5395833333333333 0.046875 0.11527777777777778
9 0.455859375 0.7229166666666667 0.03828125 0.04027777777777778
11 0.511328125 0.7277777777777777 0.03671875 0.058333333333333334
12 0.469140625 0.8472222222222222 0.03828125 0.05555555555555555
