0 0.515234375 0.33958333333333335 0.05078125 0.11527777777777778
1 0.5265625 0.5208333333333334 0.0421875 0.06666666666666667
2 0.476953125 0.5104166666666666 0.03203125 0.06805555555555555
3 0.494140625 0.42083333333333334 0.04140625 0.04722222222222222
4 0.549609375 0.41388888888888886 0.04453125 0.04722222222222222
5 0.58671875 0.48055555555555557 0.0265625 0.06666666666666667
6 0.54296875 0.44722222222222224 0.03125 0.05555555555555555
7 0.526171875 0.6104166666666667 0.09453125 0.0763888888888889
8 0.5234375 0.49166666666666664 0.0859375 0.17777777777777778
9 0.485546875 0.7381944444444445 0.04453125 0.06805555555555555
10 0.47578125 0.8534722222222222 0.04375 0.059722222222222225
11 0.571875 0.7166666666666667 0.05625 0.05277777777777778
12 0.57265625 0.8326388888888889 0.0453125 0.0625
