0 0.5484375 0.3611111111111111 0.053125 0.13055555555555556
1 0.612109375 0.5069444444444444 0.02109375 0.05
2 0.57109375 0.48125 0.0296875 0.059722222222222225
3 0.523046875 0.44166666666666665 0.03671875 0.058333333333333334
5 0.57109375 0.5381944444444444 0.0296875 0.04583333333333333
6 0.606640625 0.55 0.02265625 0.05277777777777778
7 0.53515625 0.6354166666666666 0.1015625 0.06805555555555555
8 0.540625 0.5097222222222222 0.0640625 0.17777777777777778
9 0.493359375 0.7354166666666667 0.03515625 0.06527777777777778
10 0.476171875 0.8340277777777778 0.04296875 0.05416666666666667
11 0.587109375 0.7111111111111111 0.04765625 0.06111111111111111
12 0.562109375 0.8375 0.04453125 0.06111111111111111
