0 0.5734375 0.5305555555555556 0.0359375 0.08611111111111111
1 0.533203125 0.6430555555555556 0.01484375 0.03611111111111111
2 0.52578125 0.59375 0.0203125 0.034722222222222224
3 0.549609375 0.5784722222222223 0.02734375 0.04861111111111111
4 0.5921875 0.5819444444444445 0.025 0.04722222222222222
5 0.60859375 0.6326388888888889 0.0234375 0.04583333333333333
6 0.591796875 0.6645833333333333 0.01640625 0.029166666666666667
7 0.567578125 0.70625 0.07421875 0.05138888888888889
8 0.569140625 0.6229166666666667 0.04921875 0.10138888888888889
9 0.5390625 0.7791666666666667 0.03125 0.044444444444444446
10 0.53359375 0.8506944444444444 0.0296875 0.04027777777777778
11 0.601953125 0.7715277777777778 0.02734375 0.043055555555555555
12 0.6 0.8576388888888888 0.025 0.034722222222222224
