0 0.50859375 0.3993055555555556 0.0515625 0.11805555555555555
1 0.473046875 0.3840277777777778 0.01953125 0.043055555555555555
2 0.4625 0.41944444444444445 0.025 0.03888888888888889
3 0.486328125 0.45069444444444445 0.01796875 0.08194444444444444
4 0.53671875 0.4652777777777778 0.0359375 0.06111111111111111
5 0.566796875 0.5291666666666667 0.02890625 0.05
6 0.56796875 0.6361111111111111 0.0265625 0.05
7 0.515234375 0.6347222222222222 0.07265625 0.05277777777777778
8 0.516015625 0.5291666666666667 0.05078125 0.1388888888888889
9 0.46484375 0.7048611111111112 0.0296875 0.059722222222222225
10 0.44296875 0.8076388888888889 0.0390625 0.05138888888888889
11 0.519140625 0.7416666666666667 0.04765625 0.03611111111111111
12 0.553125 0.8409722222222222 0.0390625 0.04027777777777778
