0 0.65859375 0.40902777777777777 0.05625 0.12638888888888888
1 0.69375 0.5118055555555555 0.028125 0.04861111111111111
2 0.683984375 0.5840277777777778 0.02890625 0.04861111111111111
3 0.66015625 0.5013888888888889 0.046875 0.05277777777777778
4 0.712109375 0.44513888888888886 0.04296875 0.06527777777777778
5 0.745703125 0.5256944444444445 0.03359375 0.05694444444444444
7 0.7265625 0.6354166666666666 0.115625 0.04583333333333333
8 0.699609375 0.5472222222222223 0.08828125 0.1111111111111111
9 0.681640625 0.7375 0.04140625 0.05
10 0.67734375 0.8375 0.046875 0.05
11 0.796484375 0.6861111111111111 0.05234375 0.05
12 0.7796875 0.80625 0.0515625 0.0375
