0 0.7046875 0.3298611111111111 0.05625 0.11527777777777778
1 0.618359375 0.43333333333333335 0.02109375 0.05277777777777778
2 0.64453125 0.4638888888888889 0.0203125 0.05277777777777778
3 0.670703125 0.41805555555555557 0.03828125 0.06388888888888888
4 0.734765625 0.40208333333333335 0.03046875 0.05694444444444444
5 0.765234375 0.4777777777777778 0.02890625 0.075
6 0.7828125 0.5465277777777777 0.025 0.04861111111111111
7 0.71953125 0.6138888888888889 0.09375 0.058333333333333334
8 0.70703125 0.4888888888888889 0.0765625 0.15833333333333333
9 0.688671875 0.7270833333333333 0.03359375 0.043055555555555555
10 0.67109375 0.8229166666666666 0.03125 0.043055555555555555
11 0.75390625 0.7118055555555556 0.0453125 0.04861111111111111
12 0.76796875 0.8381944444444445 0.046875 0.07916666666666666
