0 0.53984375 0.4951388888888889 0.0328125 0.0763888888888889
1 0.523828125 0.7048611111111112 0.01796875 0.034722222222222224
2 0.526171875 0.6486111111111111 0.02265625 0.03611111111111111
3 0.52578125 0.5708333333333333 0.0296875 0.044444444444444446
4 0.564453125 0.55 0.02421875 0.058333333333333334
5 0.559765625 0.6 0.01796875 0.030555555555555555
6 0.558203125 0.6298611111111111 0.01953125 0.0375
7 0.565234375 0.6958333333333333 0.07265625 0.05555555555555555
8 0.5390625 0.5916666666666667 0.0328125 0.05
9 0.535546875 0.7694444444444445 0.03046875 0.044444444444444446
10 0.53359375 0.8465277777777778 0.0234375 0.034722222222222224
11 0.6046875 0.7416666666666667 0.0296875 0.05
12 0.603515625 0.825 0.03203125 0.027777777777777776
