0 0.623828125 0.42569444444444443 0.05390625 0.09027777777777778
1 0.577734375 0.6027777777777777 0.01640625 0.027777777777777776
2 0.58671875 0.55 0.0234375 0.03611111111111111
3 0.6 0.4840277777777778 0.0265625 0.04861111111111111
4 0.645703125 0.49375 0.03359375 0.059722222222222225
5 0.633984375 0.5736111111111111 0.02265625 0.044444444444444446
6 0.616796875 0.5770833333333333 0.01796875 0.04861111111111111
7 0.618359375 0.65625 0.06015625 0.0625
8 0.61875 0.5138888888888888 0.04375 0.07777777777777778
9 0.58671875 0.7340277777777777 0.0359375 0.04583333333333333
10 0.606640625 0.8347222222222223 0.03203125 0.044444444444444446
11 0.634375 0.75625 0.0328125 0.0625
12 0.63671875 0.825 0.034375 0.04722222222222222
