0 0.576953125 0.4652777777777778 0.04609375 0.09166666666666666
1 0.4875 0.5965277777777778 0.0203125 0.03194444444444444
2 0.516796875 0.5729166666666666 0.02421875 0.04861111111111111
3 0.55234375 0.5298611111111111 0.0421875 0.05138888888888889
4 0.598046875 0.5145833333333333 0.02890625 0.05138888888888889
5 0.603125 0.5784722222222223 0.0203125 0.029166666666666667
6 0.609765625 0.6319444444444444 0.01640625 0.027777777777777776
7 0.5765625 0.6576388888888889 0.071875 0.05694444444444444
8 0.576953125 0.5694444444444444 0.04609375 0.10555555555555556
9 0.54921875 0.7298611111111111 0.03125 0.04027777777777778
10 0.546875 0.7715277777777778 0.03125 0.043055555555555555
11 0.604296875 0.7361111111111112 0.03203125 0.05
12 0.579296875 0.8277777777777777 0.02734375 0.08055555555555556
