0 0.5546875 0.5180555555555556 0.0375 0.08333333333333333
1 0.490625 0.6291666666666667 0.015625 0.03888888888888889
2 0.523828125 0.6506944444444445 0.02421875 0.043055555555555555
3 0.535546875 0.5819444444444445 0.03046875 0.044444444444444446
4 0.577734375 0.5659722222222222 0.03203125 0.05416666666666667
7 0.565234375 0.7076388888888889 0.06484375 0.043055555555555555
8 0.558203125 0.6284722222222222 0.04453125 0.0875
9 0.55546875 0.7895833333333333 0.028125 0.029166666666666667
10 0.55859375 0.8520833333333333 0.0265625 0.03194444444444444
11 0.57890625 0.7770833333333333 0.03125 0.03194444444444444
12 0.58203125 0.8277777777777777 0.025 0.030555555555555555
