0 0.558984375 0.5097222222222222 0.03515625 0.075
1 0.49375 0.5361111111111111 0.0140625 0.030555555555555555
2 0.5125 0.5847222222222223 0.015625 0.041666666666666664
3 0.53984375 0.5638888888888889 0.021875 0.044444444444444446
4 0.57578125 0.5486111111111112 0.028125 0.03888888888888889
5 0.608984375 0.5784722222222223 0.02265625 0.04027777777777778
6 0.6375 0.5493055555555556 0.0203125 0.034722222222222224
7 0.565625 0.6826388888888889 0.078125 0.05416666666666667
8 0.565234375 0.6034722222222222 0.04296875 0.09027777777777778
9 0.545703125 0.7597222222222222 0.02578125 0.041666666666666664
10 0.5359375 0.8444444444444444 0.025 0.03888888888888889
11 0.592578125 0.7673611111111112 0.02421875 0.0375
12 0.59921875 0.8548611111111111 0.0265625 0.0375
