0 0.5609375 0.50625 0.0359375 0.08194444444444444
1 0.47734375 0.5479166666666667 0.0171875 0.05138888888888889
2 0.503515625 0.55625 0.01171875 0.03194444444444444
3 0.534765625 0.55625 0.02421875 0.04583333333333333
4 0.57890625 0.5486111111111112 0.028125 0.03333333333333333
5 0.608984375 0.575 0.01796875 0.044444444444444446
6 0.6390625 0.5958333333333333 0.015625 0.03333333333333333
7 0.56171875 0.6729166666666667 0.071875 0.04027777777777778
8 0.562109375 0.5979166666666667 0.05234375 0.10138888888888889
9 0.55234375 0.7430555555555556 0.025 0.041666666666666664
10 0.55 0.8347222222222223 0.0234375 0.03333333333333333
11 0.591015625 0.7118055555555556 0.02265625 0.05416666666666667
12 0.579296875 0.8027777777777778 0.02265625 0.041666666666666664
