0 0.67421875 0.33541666666666664 0.0546875 0.11805555555555555
1 0.573828125 0.4236111111111111 0.02109375 0.06666666666666667
2 0.6125 0.4583333333333333 0.021875 0.05
3 0.64765625 0.4131944444444444 0.0375 0.0625
4 0.703125 0.4125 0.034375 0.075
5 0.724609375 0.5048611111111111 0.03203125 0.05416666666666667
6 0.748046875 0.5694444444444444 0.02265625 0.044444444444444446
7 0.6984375 0.6208333333333333 0.0890625 0.05
8 0.68203125 0.4986111111111111 0.0765625 0.15555555555555556
9 0.681640625 0.7291666666666666 0.03046875 0.05277777777777778
10 0.670703125 0.8347222222222223 0.03203125 0.041666666666666664
11 0.73984375 0.7333333333333333 0.0296875 0.06666666666666667
12 0.760546875 0.8347222222222223 0.03046875 0.05555555555555555
