0 0.70078125 0.33125 0.05 0.12638888888888888
1 0.62734375 0.44305555555555554 0.01875 0.05555555555555555
2 0.64375 0.49444444444444446 0.0203125 0.044444444444444446
3 0.673828125 0.4173611111111111 0.03984375 0.05694444444444444
4 0.72578125 0.4131944444444444 0.0296875 0.0625
5 0.755859375 0.49375 0.02578125 0.07083333333333333
6 0.78828125 0.5486111111111112 0.0234375 0.05555555555555555
7 0.717578125 0.6097222222222223 0.09609375 0.07222222222222222
8 0.707421875 0.49166666666666664 0.08515625 0.14444444444444443
9 0.6859375 0.7159722222222222 0.0328125 0.0763888888888889
10 0.672265625 0.8298611111111112 0.03515625 0.043055555555555555
11 0.766015625 0.8402777777777778 0.04140625 0.044444444444444446
12 0.756640625 0.7111111111111111 0.04453125 0.05277777777777778
