12 0.58203125 0.8277777777777777 0.0375 0.07222222222222222
11 0.598046875 0.7138888888888889 0.04140625 0.044444444444444446
9 0.505859375 0.7263888888888889 0.03828125 0.08055555555555556
10 0.478515625 0.8159722222222222 0.03984375 0.059722222222222225
8 0.56015625 0.4909722222222222 0.06875 0.14027777777777778
7 0.55546875 0.6201388888888889 0.0859375 0.08194444444444444
6 0.596484375 0.5805555555555556 0.02421875 0.03333333333333333
5 0.59609375 0.5402777777777777 0.0328125 0.03888888888888889
4 0.596875 0.42569444444444443 0.03125 0.0625
3 0.529296875 0.4284722222222222 0.02890625 0.04583333333333333
2 0.495703125 0.4847222222222222 0.01953125 0.06111111111111111
1 0.478515625 0.44722222222222224 0.01796875 0.05
0 0.580859375 0.3597222222222222 0.04921875 0.11666666666666667
