12 0.576171875 0.8298611111111112 0.04296875 0.06805555555555555
11 0.567578125 0.7041666666666667 0.04453125 0.05
10 0.4765625 0.8458333333333333 0.040625 0.058333333333333334
9 0.486328125 0.7145833333333333 0.04296875 0.05694444444444444
7 0.521875 0.6006944444444444 0.103125 0.07083333333333333
6 0.523046875 0.43819444444444444 0.03671875 0.05694444444444444
5 0.565234375 0.4840277777777778 0.03046875 0.059722222222222225
4 0.550390625 0.4125 0.03515625 0.05277777777777778
3 0.483203125 0.4215277777777778 0.04453125 0.07083333333333333
8 0.513671875 0.4847222222222222 0.08984375 0.18333333333333332
2 0.45703125 0.5076388888888889 0.0234375 0.06527777777777778
1 0.478125 0.5013888888888889 0.03125 0.044444444444444446
0 0.509765625 0.33125 0.04765625 0.12916666666666668
