0 0.603515625 0.42083333333333334 0.04765625 0.07777777777777778
1 0.65546875 0.5493055555555556 0.021875 0.020833333333333332
2 0.65 0.5284722222222222 0.03125 0.04027777777777778
3 0.61796875 0.4791666666666667 0.0390625 0.05555555555555555
5 0.55625 0.5611111111111111 0.0234375 0.030555555555555555
7 0.583203125 0.6229166666666667 0.07265625 0.0625
9 0.6265625 0.7263888888888889 0.0421875 0.04722222222222222
10 0.606640625 0.8222222222222222 0.03828125 0.05277777777777778
11 0.563671875 0.7201388888888889 0.03359375 0.043055555555555555
12 0.53515625 0.825 0.0375 0.05
