0 0.540625 0.48819444444444443 0.0359375 0.0763888888888889
1 0.521484375 0.6993055555555555 0.01640625 0.02361111111111111
2 0.524609375 0.6451388888888889 0.02421875 0.034722222222222224
3 0.523046875 0.5625 0.02734375 0.044444444444444446
4 0.56171875 0.5368055555555555 0.0234375 0.05694444444444444
5 0.592578125 0.5680555555555555 0.02265625 0.05555555555555555
6 0.62109375 0.6048611111111111 0.0171875 0.04861111111111111
7 0.56171875 0.6819444444444445 0.0640625 0.04722222222222222
8 0.5515625 0.6069444444444444 0.0484375 0.10833333333333334
9 0.53515625 0.7763888888888889 0.03125 0.044444444444444446
10 0.533203125 0.8520833333333333 0.03046875 0.02638888888888889
11 0.605078125 0.7361111111111112 0.02734375 0.05
12 0.612109375 0.8277777777777777 0.03359375 0.030555555555555555
