12 0.562109375 0.8388888888888889 0.04296875 0.06388888888888888
11 0.581640625 0.7180555555555556 0.06015625 0.06388888888888888
10 0.474609375 0.8458333333333333 0.04140625 0.058333333333333334
9 0.49140625 0.74375 0.0390625 0.0625
8 0.546484375 0.5173611111111112 0.06171875 0.1736111111111111
7 0.531640625 0.6229166666666667 0.09765625 0.08472222222222223
5 0.60703125 0.49027777777777776 0.0328125 0.06666666666666667
4 0.5640625 0.44027777777777777 0.0234375 0.05
3 0.523828125 0.4486111111111111 0.03828125 0.058333333333333334
2 0.560546875 0.5229166666666667 0.02578125 0.0625
1 0.603515625 0.5430555555555555 0.02421875 0.05555555555555555
0 0.555859375 0.36736111111111114 0.05703125 0.13194444444444445
