0 0.760546875 0.3888888888888889 0.05390625 0.11666666666666667
1 0.674609375 0.6131944444444445 0.01796875 0.03194444444444444
3 0.687109375 0.5305555555555556 0.02265625 0.05555555555555555
3 0.729296875 0.4583333333333333 0.03671875 0.075
4 0.773828125 0.45902777777777776 0.03515625 0.05138888888888889
7 0.733984375 0.6513888888888889 0.10703125 0.05277777777777778
8 0.73828125 0.5479166666666667 0.059375 0.14583333333333334
9 0.691015625 0.7472222222222222 0.04453125 0.06388888888888888
10 0.67421875 0.8409722222222222 0.0390625 0.04583333333333333
11 0.793359375 0.6993055555555555 0.04296875 0.059722222222222225
12 0.7859375 0.8229166666666666 0.05 0.03194444444444444
