11 0.59609375 0.7423611111111111 0.0234375 0.0375
10 0.60859375 0.825 0.0203125 0.041666666666666664
9 0.63046875 0.7388888888888889 0.0359375 0.044444444444444446
7 0.599609375 0.6534722222222222 0.07265625 0.05138888888888889
5 0.569140625 0.5840277777777778 0.01953125 0.034722222222222224
4 0.566796875 0.5083333333333333 0.03828125 0.03611111111111111
3 0.61015625 0.49722222222222223 0.0375 0.05
2 0.625 0.5576388888888889 0.025 0.04583333333333333
1 0.6296875 0.6208333333333333 0.0203125 0.03888888888888889
0 0.605859375 0.4444444444444444 0.04921875 0.08888888888888889
