12 0.567578125 0.8423611111111111 0.04765625 0.06805555555555555
11 0.5578125 0.7145833333333333 0.046875 0.06805555555555555
10 0.47265625 0.8388888888888889 0.0421875 0.06388888888888888
9 0.48046875 0.7333333333333333 0.0484375 0.06666666666666667
8 0.501171875 0.5055555555555555 0.07890625 0.15
7 0.501171875 0.6284722222222222 0.09453125 0.07916666666666666
6 0.540234375 0.4965277777777778 0.02734375 0.05138888888888889
4 0.521875 0.4513888888888889 0.025 0.04722222222222222
3 0.478125 0.44513888888888886 0.0390625 0.04861111111111111
2 0.488671875 0.4847222222222222 0.02578125 0.06111111111111111
1 0.5234375 0.5256944444444445 0.0203125 0.06805555555555555
0 0.518359375 0.3729166666666667 0.06328125 0.13194444444444445
