0 0.72578125 0.425 0.05625 0.125
1 0.708984375 0.6402777777777777 0.02109375 0.058333333333333334
2 0.676953125 0.6055555555555555 0.02734375 0.05555555555555555
3 0.697265625 0.5201388888888889 0.04453125 0.06527777777777778
4 0.75546875 0.4909722222222222 0.0359375 0.05138888888888889
5 0.811328125 0.5243055555555556 0.03203125 0.07916666666666666
6 0.865625 0.5604166666666667 0.015625 0.04861111111111111
7 0.722265625 0.6798611111111111 0.09921875 0.07361111111111111
8 0.731640625 0.56875 0.07421875 0.12916666666666668
9 0.668359375 0.7333333333333333 0.04609375 0.058333333333333334
10 0.676953125 0.8409722222222222 0.04140625 0.04027777777777778
11 0.74609375 0.7590277777777777 0.0484375 0.059722222222222225
12 0.79375 0.8298611111111112 0.034375 0.0625
