0 0.50546875 0.36319444444444443 0.05625 0.12916666666666668
1 0.515234375 0.5145833333333333 0.02265625 0.0763888888888889
2 0.475 0.4798611111111111 0.025 0.05694444444444444
3 0.4671875 0.43819444444444444 0.034375 0.0625
4 0.517578125 0.44513888888888886 0.04140625 0.0625
5 0.549609375 0.5194444444444445 0.03359375 0.05
6 0.53828125 0.48819444444444443 0.0390625 0.05138888888888889
7 0.48515625 0.6347222222222222 0.103125 0.06666666666666667
8 0.496484375 0.5 0.07578125 0.18611111111111112
9 0.452734375 0.7423611111111111 0.04453125 0.05138888888888889
10 0.4640625 0.8361111111111111 0.040625 0.05
11 0.535546875 0.7506944444444444 0.03359375 0.08194444444444444
12 0.562109375 0.8486111111111111 0.04453125 0.058333333333333334
