0 0.647265625 0.45625 0.05859375 0.10972222222222222
1 0.694921875 0.5708333333333333 0.02265625 0.05
2 0.6671875 0.6208333333333333 0.0328125 0.05555555555555555
3 0.65625 0.5423611111111111 0.040625 0.05138888888888889
4 0.70546875 0.4861111111111111 0.065625 0.05555555555555555
5 0.74765625 0.5402777777777777 0.028125 0.06111111111111111
6 0.7828125 0.6069444444444444 0.021875 0.044444444444444446
7 0.71953125 0.6638888888888889 0.0921875 0.058333333333333334
8 0.69921875 0.5708333333333333 0.075 0.09444444444444444
9 0.669921875 0.7430555555555556 0.03984375 0.05277777777777778
10 0.673828125 0.8409722222222222 0.04765625 0.04583333333333333
11 0.72734375 0.7395833333333334 0.053125 0.05694444444444444
12 0.766015625 0.8326388888888889 0.04140625 0.07361111111111111
