0 0.54453125 0.3611111111111111 0.0515625 0.12222222222222222
1 0.527734375 0.4875 0.03046875 0.04722222222222222
2 0.508203125 0.4270833333333333 0.02734375 0.05138888888888889
3 0.526171875 0.4152777777777778 0.02265625 0.03888888888888889
4 0.566015625 0.45416666666666666 0.02109375 0.05555555555555555
5 0.5671875 0.5444444444444444 0.01875 0.04722222222222222
7 0.53125 0.6305555555555555 0.090625 0.075
8 0.53671875 0.49930555555555556 0.065625 0.1736111111111111
9 0.496484375 0.7270833333333333 0.03828125 0.06527777777777778
10 0.476171875 0.8347222222222223 0.03515625 0.058333333333333334
11 0.588671875 0.7138888888888889 0.04140625 0.06666666666666667
12 0.5625 0.8409722222222222 0.0375 0.06527777777777778
