0 0.553515625 0.36527777777777776 0.06015625 0.13055555555555556
1 0.564453125 0.5277777777777778 0.02578125 0.05277777777777778
2 0.521484375 0.5291666666666667 0.03359375 0.058333333333333334
3 0.522265625 0.45694444444444443 0.03671875 0.07777777777777778
4 0.56953125 0.43125 0.0234375 0.0625
7 0.530078125 0.6284722222222222 0.09296875 0.07916666666666666
8 0.539453125 0.5027777777777778 0.06171875 0.15555555555555556
9 0.499609375 0.7256944444444444 0.03984375 0.06805555555555555
10 0.476953125 0.8319444444444445 0.03671875 0.06666666666666667
11 0.580859375 0.7145833333333333 0.04296875 0.06805555555555555
12 0.564453125 0.8451388888888889 0.04609375 0.05694444444444444
