0 0.753515625 0.3798611111111111 0.05390625 0.12638888888888888
1 0.66484375 0.6118055555555556 0.025 0.04583333333333333
2 0.680078125 0.5423611111111111 0.03359375 0.04583333333333333
3 0.697265625 0.45 0.03203125 0.05
4 0.76484375 0.45416666666666666 0.028125 0.058333333333333334
7 0.724609375 0.63125 0.10546875 0.043055555555555555
8 0.72890625 0.51875 0.0546875 0.14305555555555555
9 0.6953125 0.7430555555555556 0.0328125 0.05277777777777778
10 0.676953125 0.8340277777777778 0.03671875 0.05416666666666667
11 0.794140625 0.7083333333333334 0.05234375 0.04722222222222222
12 0.768359375 0.8333333333333334 0.03515625 0.05
