12 0.575 0.8319444444444445 0.0390625 0.07222222222222222
11 0.582421875 0.70625 0.04609375 0.05138888888888889
10 0.478515625 0.8368055555555556 0.04765625 0.0625
9 0.4875 0.7333333333333333 0.0484375 0.06111111111111111
8 0.53125 0.49375 0.0765625 0.1736111111111111
7 0.528515625 0.6215277777777778 0.10234375 0.07361111111111111
6 0.557421875 0.4513888888888889 0.03828125 0.041666666666666664
5 0.581640625 0.47708333333333336 0.02578125 0.05416666666666667
4 0.548828125 0.43125 0.03515625 0.05694444444444444
3 0.50234375 0.43819444444444444 0.0421875 0.06527777777777778
2 0.49609375 0.5166666666666667 0.0375 0.058333333333333334
1 0.551171875 0.5201388888888889 0.04296875 0.0625
0 0.526953125 0.35347222222222224 0.05078125 0.12916666666666668
