12 0.5625 0.8416666666666667 0.04375 0.058333333333333334
11 0.5703125 0.7131944444444445 0.0453125 0.0625
10 0.47265625 0.8458333333333333 0.0421875 0.06388888888888888
9 0.498046875 0.7305555555555555 0.04296875 0.06388888888888888
8 0.5203125 0.48819444444444443 0.06875 0.1763888888888889
7 0.528125 0.6270833333333333 0.0953125 0.0625
3 0.491796875 0.4236111111111111 0.03984375 0.06111111111111111
2 0.482421875 0.49375 0.03828125 0.07916666666666666
1 0.530078125 0.4986111111111111 0.03359375 0.05555555555555555
0 0.521484375 0.35347222222222224 0.05390625 0.11805555555555555
