0 0.583203125 0.4215277777777778 0.05078125 0.0875
2 0.656640625 0.5423611111111111 0.03828125 0.08472222222222223
3 0.63203125 0.47291666666666665 0.0328125 0.05694444444444444
4 0.57109375 0.4701388888888889 0.0375 0.059722222222222225
5 0.546875 0.5298611111111111 0.025 0.05694444444444444
6 0.51953125 0.5826388888888889 0.0203125 0.03194444444444444
7 0.605078125 0.6138888888888889 0.09765625 0.04722222222222222
11 0.525390625 0.6680555555555555 0.02890625 0.05
9 0.625 0.7347222222222223 0.0328125 0.058333333333333334
10 0.604296875 0.8284722222222223 0.03671875 0.07083333333333333
