0 0.59375 0.43333333333333335 0.0515625 0.11666666666666667
1 0.5734375 0.5756944444444444 0.025 0.05416666666666667
2 0.53828125 0.5347222222222222 0.0359375 0.05277777777777778
3 0.5765625 0.4965277777777778 0.0375 0.059722222222222225
4 0.626953125 0.4826388888888889 0.03671875 0.06527777777777778
5 0.650390625 0.5625 0.03203125 0.05277777777777778
6 0.682421875 0.625 0.02109375 0.044444444444444446
7 0.6265625 0.6472222222222223 0.090625 0.03611111111111111
8 0.61328125 0.5590277777777778 0.059375 0.11805555555555555
9 0.619921875 0.75 0.03515625 0.03888888888888889
10 0.6203125 0.8409722222222222 0.0359375 0.04583333333333333
11 0.676953125 0.73125 0.03671875 0.05138888888888889
12 0.70078125 0.8326388888888889 0.028125 0.05138888888888889
