0 0.569921875 0.5166666666666667 0.03515625 0.08888888888888889
1 0.48046875 0.5458333333333333 0.025 0.05277777777777778
2 0.51015625 0.5479166666666667 0.0125 0.04027777777777778
3 0.544140625 0.5423611111111111 0.03359375 0.04583333333333333
4 0.589453125 0.5381944444444444 0.02890625 0.043055555555555555
5 0.6203125 0.5541666666666667 0.0171875 0.05
6 0.648046875 0.5597222222222222 0.02109375 0.04722222222222222
7 0.569140625 0.6763888888888889 0.06953125 0.04722222222222222
8 0.566796875 0.5923611111111111 0.05390625 0.11527777777777778
9 0.540625 0.7597222222222222 0.0234375 0.044444444444444446
10 0.53515625 0.8423611111111111 0.0265625 0.03194444444444444
11 0.581640625 0.7631944444444444 0.03046875 0.0375
12 0.591015625 0.8430555555555556 0.02265625 0.03611111111111111
