0 0.694921875 0.3451388888888889 0.05703125 0.12361111111111112
1 0.629296875 0.425 0.02265625 0.06388888888888888
2 0.63359375 0.4791666666666667 0.0265625 0.044444444444444446
3 0.664453125 0.43125 0.02421875 0.05138888888888889
4 0.719140625 0.4326388888888889 0.03359375 0.05138888888888889
5 0.750390625 0.49166666666666664 0.02578125 0.05555555555555555
6 0.79921875 0.5180555555555556 0.01875 0.058333333333333334
7 0.695703125 0.6243055555555556 0.08359375 0.05694444444444444
8 0.69375 0.50625 0.078125 0.1597222222222222
9 0.67265625 0.7326388888888888 0.0359375 0.059722222222222225
10 0.665625 0.8305555555555556 0.034375 0.044444444444444446
11 0.7421875 0.7159722222222222 0.0375 0.05694444444444444
12 0.762890625 0.8375 0.03671875 0.05
