0 0.59140625 0.3472222222222222 0.0390625 0.10833333333333334
1 0.6 0.26666666666666666 0.0375 0.03888888888888889
2 0.5609375 0.32708333333333334 0.0328125 0.043055555555555555
3 0.565625 0.39166666666666666 0.040625 0.05555555555555555
4 0.624609375 0.4173611111111111 0.04609375 0.05694444444444444
5 0.644921875 0.49027777777777776 0.03515625 0.05277777777777778
6 0.6546875 0.5777777777777777 0.028125 0.05277777777777778
7 0.59765625 0.5819444444444445 0.0734375 0.05555555555555555
8 0.59921875 0.4888888888888889 0.046875 0.11666666666666667
9 0.631640625 0.66875 0.05390625 0.0625
10 0.6625 0.8090277777777778 0.0359375 0.059722222222222225
12 0.58125 0.8319444444444445 0.0375 0.05277777777777778
