0 0.4453125 0.375 0.053125 0.1111111111111111
1 0.4734375 0.5798611111111112 0.0203125 0.043055555555555555
2 0.43984375 0.5305555555555556 0.0296875 0.04722222222222222
3 0.42734375 0.44513888888888886 0.0328125 0.05416666666666667
4 0.472265625 0.4444444444444444 0.03203125 0.05
5 0.516796875 0.47152777777777777 0.02421875 0.04861111111111111
6 0.541796875 0.44027777777777777 0.02109375 0.044444444444444446
7 0.449609375 0.6298611111111111 0.08359375 0.04027777777777778
8 0.4546875 0.5229166666666667 0.059375 0.17916666666666667
9 0.422265625 0.7375 0.03203125 0.044444444444444446
10 0.412109375 0.84375 0.03046875 0.04027777777777778
11 0.48984375 0.7409722222222223 0.0359375 0.04583333333333333
12 0.5 0.8423611111111111 0.0375 0.0375
