0 0.555859375 0.5236111111111111 0.03984375 0.08055555555555556
1 0.499609375 0.5347222222222222 0.01640625 0.027777777777777776
2 0.51015625 0.5916666666666667 0.01875 0.03611111111111111
3 0.540625 0.5659722222222222 0.021875 0.04027777777777778
4 0.574609375 0.5576388888888889 0.02421875 0.04583333333333333
5 0.607421875 0.5805555555555556 0.02109375 0.044444444444444446
6 0.62890625 0.5472222222222223 0.0171875 0.025
7 0.566015625 0.6993055555555555 0.06484375 0.04861111111111111
8 0.563671875 0.6159722222222223 0.04765625 0.10416666666666667
9 0.53828125 0.7666666666666667 0.025 0.044444444444444446
10 0.53203125 0.8506944444444444 0.0265625 0.034722222222222224
11 0.5984375 0.7673611111111112 0.028125 0.04861111111111111
12 0.596875 0.8618055555555556 0.021875 0.0375
