0 0.636328125 0.35833333333333334 0.05078125 0.10833333333333334
1 0.60703125 0.6194444444444445 0.0234375 0.04722222222222222
2 0.61484375 0.5534722222222223 0.028125 0.04861111111111111
3 0.619921875 0.4534722222222222 0.04609375 0.07083333333333333
4 0.671484375 0.41041666666666665 0.03828125 0.059722222222222225
5 0.71953125 0.4756944444444444 0.0203125 0.07083333333333333
6 0.733984375 0.5131944444444444 0.03515625 0.020833333333333332
7 0.6609375 0.6041666666666666 0.078125 0.05277777777777778
8 0.6578125 0.5159722222222223 0.071875 0.14027777777777778
9 0.653515625 0.70625 0.03984375 0.04027777777777778
10 0.674609375 0.8263888888888888 0.03984375 0.044444444444444446
