0 0.552734375 0.49236111111111114 0.03828125 0.07916666666666666
1 0.53515625 0.69375 0.01875 0.03194444444444444
2 0.53671875 0.6354166666666666 0.0265625 0.02638888888888889
3 0.53359375 0.5625 0.021875 0.030555555555555555
4 0.571875 0.5430555555555555 0.01875 0.041666666666666664
5 0.612890625 0.5763888888888888 0.02109375 0.05555555555555555
6 0.644921875 0.6159722222222223 0.00078125 0.0375
6 0.632421875 0.6159722222222223 0.02421875 0.05138888888888889
7 0.576171875 0.6888888888888889 0.06640625 0.05277777777777778
8 0.56640625 0.6055555555555555 0.046875 0.10555555555555556
9 0.545703125 0.7680555555555556 0.02578125 0.04722222222222222
10 0.536328125 0.8354166666666667 0.03203125 0.03194444444444444
11 0.5953125 0.7659722222222223 0.03125 0.043055555555555555
12 0.587890625 0.8416666666666667 0.03203125 0.030555555555555555
