0 0.673828125 0.3326388888888889 0.05234375 0.10694444444444444
1 0.68046875 0.4708333333333333 0.0203125 0.041666666666666664
2 0.6640625 0.48055555555555557 0.0234375 0.05555555555555555
3 0.644140625 0.41944444444444445 0.03046875 0.06388888888888888
4 0.70234375 0.40555555555555556 0.0328125 0.05
7 0.68046875 0.5979166666666667 0.0859375 0.07361111111111111
9 0.662890625 0.71875 0.04296875 0.04861111111111111
10 0.66796875 0.8208333333333333 0.040625 0.05555555555555555
11 0.707421875 0.6979166666666666 0.03203125 0.05138888888888889
12 0.72890625 0.8340277777777778 0.046875 0.07083333333333333
