0 0.50625 0.3215277777777778 0.053125 0.10972222222222222
1 0.471875 0.4875 0.0359375 0.05555555555555555
3 0.4765625 0.4152777777777778 0.040625 0.05555555555555555
4 0.548046875 0.40902777777777777 0.02890625 0.0625
5 0.557421875 0.4909722222222222 0.03984375 0.0625
6 0.5046875 0.46319444444444446 0.0359375 0.0625
7 0.516015625 0.6104166666666667 0.11328125 0.09027777777777778
8 0.51640625 0.475 0.0921875 0.16111111111111112
9 0.465234375 0.6986111111111111 0.04453125 0.06388888888888888
10 0.4640625 0.8208333333333333 0.0453125 0.05
11 0.55546875 0.7020833333333333 0.0484375 0.05416666666666667
12 0.541796875 0.8201388888888889 0.04609375 0.05694444444444444
