0 0.44375 0.44583333333333336 0.05625 0.10277777777777777
1 0.42109375 0.4791666666666667 0.0265625 0.030555555555555555
2 0.42265625 0.5527777777777778 0.0296875 0.06111111111111111
4 0.476171875 0.47291666666666665 0.03046875 0.05416666666666667
5 0.521484375 0.5076388888888889 0.03046875 0.0375
6 0.5234375 0.5847222222222223 0.028125 0.041666666666666664
7 0.475390625 0.6611111111111111 0.08515625 0.04722222222222222
8 0.471875 0.5736111111111111 0.04375 0.11944444444444445
9 0.42734375 0.7458333333333333 0.03125 0.05277777777777778
10 0.4140625 0.8534722222222222 0.0328125 0.03194444444444444
11 0.462890625 0.7409722222222223 0.03203125 0.05694444444444444
12 0.49765625 0.8194444444444444 0.0265625 0.06666666666666667
