0 0.676953125 0.44722222222222224 0.05859375 0.12222222222222222
1 0.712109375 0.6041666666666666 0.01640625 0.041666666666666664
2 0.67734375 0.6243055555555556 0.0359375 0.05138888888888889
3 0.671484375 0.5513888888888889 0.04765625 0.05
4 0.721484375 0.49722222222222223 0.04765625 0.06111111111111111
5 0.7640625 0.5444444444444444 0.025 0.05555555555555555
6 0.81640625 0.5847222222222223 0.021875 0.05
7 0.720703125 0.6986111111111111 0.09609375 0.075
8 0.70703125 0.5881944444444445 0.0765625 0.13194444444444445
9 0.662109375 0.7333333333333333 0.04140625 0.05277777777777778
10 0.676171875 0.8430555555555556 0.04140625 0.044444444444444446
11 0.72265625 0.7902777777777777 0.05 0.06111111111111111
12 0.78046875 0.8347222222222223 0.028125 0.07777777777777778
